200.551422174	1815.87231264	0.0
200.561203058	1815.24450502	0.0
200.571380669	1814.55065736	0.0
200.582778986	1813.80138978	0.0
200.596801813	1812.88696108	0.0
200.608032282	1812.15112123	0.0
200.616806084	1811.57360658	0.0
200.624969537	1811.03808412	0.0
200.638122615	1810.17455873	0.0
200.652465876	1809.23644838	0.0
200.665512141	1808.42724428	0.0
200.67659002	1807.67968568	0.0
200.688186699	1806.88659486	0.0
200.711914117	1805.26403627	0.0
200.718704278	1803.64513978	0.0
200.760711724	1801.91625795	0.0
200.784942683	1800.24731263	0.0
200.802658137	1798.89196596	0.0
200.811889703	1798.06640443	0.0
200.821136529	1797.23950013	0.0
200.845077569	1795.121214	0.0
200.860321099	1793.770506	0.0
200.880340631	1791.98888979	0.0
200.890930231	1791.0451642	0.0
200.911834772	1789.17004213	0.0
200.933746393	1787.19738588	0.0
200.971649225	1783.76489076	0.0
200.993545587	1781.69982728	0.0
201.005264337	1780.58410463	0.0
201.056701716	1776.03295717	0.0
201.098693902	1772.27013979	0.0
201.135406549	1768.94921693	0.0
201.180664118	1764.9057599	0.0
201.209396418	1762.37963685	0.0
201.224197442	1761.07324037	0.0
201.252090509	1758.56469545	0.0
201.271774346	1756.75097475	0.0
201.30412298	1753.75182924	0.0
201.326492365	1751.69494447	0.0
201.353241022	1749.23913392	0.0
201.364532526	1748.19225893	0.0
201.379699762	1746.78161439	0.0
201.414306696	1743.54565248	0.0
201.452255305	1740.18993959	0.0
201.471527155	1738.39953432	0.0
201.456100518	1734.3498517	0.0
201.448486383	1732.51086244	0.0
201.441009576	1730.69970521	0.0
201.433380181	1728.88024721	0.0
201.428772027	1727.79382142	0.0
201.41337591	1724.12634095	0.0
201.408813531	1723.0229474	0.0
201.408813531	1720.82873353	0.0
201.395278985	1719.70873841	0.0
201.384658868	1717.16369447	0.0
201.373443658	1714.54772768	0.0
201.36360174	1712.26635561	0.0
201.359771783	1711.38525209	0.0
201.356658991	1708.06762514	0.0
201.356658991	1705.15490541	0.0
201.400177056	1704.00878725	0.0
201.431869561	1700.25646791	0.0
201.436035211	1696.47924623	0.0
201.444152887	1693.05883607	0.0
201.459884699	1691.53576479	0.0
201.471695	1690.41528139	0.0
201.50485235	1687.19750795	0.0
201.532882746	1684.45971498	0.0
201.552902276	1682.50842103	0.0
201.577117976	1680.14233217	0.0
201.621582087	1675.76379213	0.0
201.654800469	1672.48827943	0.0
201.679565484	1670.02221498	0.0
201.716095025	1666.34936342	0.0
201.737106378	1664.22265443	0.0
201.749389703	1662.97753725	0.0
201.774124201	1660.47363099	0.0
201.786697444	1659.20007143	0.0
201.799255426	1657.93298158	0.0
201.841583308	1653.65026674	0.0
201.875457818	1650.21960267	0.0
201.907409722	1646.74120912	0.0
201.94209295	1643.2507306	0.0
201.959762629	1641.51916322	0.0
201.972732598	1640.18383607	0.0
202.012390191	1635.9871808	0.0
202.031051691	1634.02111635	0.0
202.048538264	1632.20995912	0.0
202.088150078	1628.12316713	0.0
202.096847588	1627.19982729	0.0
202.126251276	1624.03234682	0.0
202.178360041	1618.40832338	0.0
202.2093659	1615.16906557	0.0
202.244537408	1611.40417299	0.0
202.258041436	1609.96801576	0.0
202.299179133	1605.60424623	0.0
202.34809881	1600.33483705	0.0
202.391998346	1595.48669252	0.0
202.432251032	1591.07555971	0.0
202.46452337	1587.60253725	0.0
202.508377131	1582.74548158	0.0
202.51757818	1581.73461732	0.0
202.546264703	1578.54076967	0.0
202.591857966	1573.53661927	0.0
202.619567925	1570.6566144	0.0
202.628524835	1569.69384584	0.0
202.637329156	1568.72411928	0.0
202.671218926	1564.92541322	0.0
202.679611261	1563.98815736	0.0
202.705322321	1561.17577943	0.0
202.757278497	1556.46752748	0.0
202.74552923	1552.3489972	0.0
202.725372368	1550.51257143	0.0
202.706375178	1548.76891908	0.0
202.706375178	1545.72363099	0.0
202.672958429	1542.51025209	0.0
202.595245417	1538.91149721	0.0
202.589828545	1536.69433412	0.0
202.587768609	1534.91821108	0.0
202.585189875	1533.14025698	0.0
202.580230769	1530.48986635	0.0
202.57843023	1529.17358217	0.0
202.576461847	1525.70446596	0.0
202.609771782	1523.10204897	0.0
202.650238092	1520.0788556	0.0
202.691268976	1517.10290346	0.0
202.728576715	1514.5373517	0.0
202.767730767	1511.60351381	0.0
202.77905279	1510.75256166	0.0
202.801254326	1509.08398256	0.0
202.850524958	1505.34594545	0.0
202.883606012	1502.77917299	0.0
202.917343195	1500.30309877	0.0
202.971084649	1497.39318666	0.0
202.968505915	1496.13342104	0.0
202.959457453	1494.84264955	0.0
202.933593806	1492.10424623	0.0
202.911178645	1489.71240053	0.0
202.890564019	1487.32238588	0.0
202.873336846	1485.25414857	0.0
202.854034479	1483.67577944	0.0
202.854736382	1481.7260724	0.0
202.859405571	1477.81921205	0.0
202.857864436	1476.26684389	0.0
202.856597956	1475.15624818	0.0
202.854232843	1472.06652651	0.0
202.854675349	1469.32324037	0.0
202.855224664	1468.05041322	0.0
202.85577398	1466.5093976	0.0
202.85615545	1465.01464662	0.0
202.856399591	1463.5061017	0.0
202.856399591	1461.97765932	0.0
202.857391412	1458.97619447	0.0
202.858093318	1457.11388979	0.0
202.858474786	1455.62817201	0.0
202.858688409	1453.80383119	0.0
202.856857354	1451.38329896	0.0
202.852905329	1449.06237612	0.0
202.853469904	1447.5854474	0.0
202.856247002	1445.5965558	0.0
202.858749445	1444.06432924	0.0
202.863739068	1441.05261049	0.0
202.866928155	1439.24804506	0.0
202.866928155	1438.05370912	0.0
202.872451836	1436.29577455	0.0
202.872451836	1433.99316225	0.0
202.878570611	1433.10522279	0.0
202.879608209	1432.52050599	0.0
202.870834405	1430.793089	0.0
202.882034358	1429.96142397	0.0
202.92041021	1428.79369935	0.0
202.982223566	1427.74767885	0.0
203.184890801	1425.89575014	0.0
203.491134699	1423.54357728	0.0
203.560363824	1423.02563295	0.0
203.666153009	1422.2281476	0.0
203.863052422	1420.71020326	0.0
204.094223077	1418.95641908	0.0
204.326232964	1417.19347963	0.0
204.524154719	1415.68859682	0.0
204.751083429	1413.9625226	0.0
204.901733454	1412.81677064	0.0
205.089950617	1411.38464174	0.0
205.313262994	1409.68554506	0.0
205.505020196	1408.22497377	0.0
205.630203303	1407.29138002	0.0
205.856338557	1405.63061342	0.0
206.035064752	1403.4982892	0.0
206.156311091	1402.09057435	0.0
206.293258722	1400.23864564	0.0
206.340988215	1399.29199037	0.0
206.42570501	1397.72717104	0.0
206.495880182	1396.26952943	0.0
206.534103447	1394.90722475	0.0
206.56079107	1394.00878725	0.0
206.613159234	1392.21764955	0.0
206.657821709	1391.08349428	0.0
206.668273982	1389.73229799	0.0
206.680572564	1388.15063295	0.0
206.693893488	1386.38720522	0.0
206.700378473	1385.50146303	0.0
206.711364801	1383.96313295	0.0
206.718353325	1382.99999818	0.0
206.724823052	1382.0965558	0.0
206.724823052	1381.19140443	0.0
206.739502008	1380.05663881	0.0
206.749084526	1378.71313295	0.0
206.758651787	1377.35803041	0.0
206.766586359	1376.23608217	0.0
206.768173272	1374.6557599	0.0
206.787200982	1373.28429994	0.0
206.799804742	1371.45861635	0.0
206.807708795	1370.32153139	0.0
206.814987237	1369.25109681	0.0
206.818771418	1368.70373353	0.0
206.828765925	1367.24267396	0.0
206.838241631	1365.8510724	0.0
206.844543512	1364.91943178	0.0
206.852401789	1363.75500306	0.0
206.858840997	1362.8140851	0.0
206.865478569	1361.84972963	0.0
206.876617487	1360.20239076	0.0
206.887863215	1358.55712709	0.0
206.894104059	1357.6290265	0.0
206.906509454	1355.77465639	0.0
206.91362005	1354.70776185	0.0
206.92155462	1353.49206361	0.0
206.929077202	1352.35717592	0.0
206.937973077	1350.98022279	0.0
206.946594292	1349.60607729	0.0
206.950714166	1348.92175111	0.0
206.958786066	1347.57055483	0.0
206.969085749	1345.77673158	0.0
206.970184382	1343.33935365	0.0
207.07162481	1341.08410463	0.0
207.249496514	1339.52429018	0.0
207.451019343	1337.80236635	0.0
207.554016169	1336.92944154	0.0
207.774719293	1334.96313295	0.0
208.087463434	1332.80407533	0.0
208.283508355	1331.54919252	0.0
208.413894707	1330.71789369	0.0
208.679565484	1329.03173647	0.0
208.843811091	1327.98974428	0.0
209.036575371	1326.7684308	0.0
209.17634588	1325.88122377	0.0
209.441894585	1324.2528058	0.0
209.730011042	1322.27355776	0.0
209.789993341	1321.66833314	0.0
209.841110285	1320.10961732	0.0
209.841110285	1319.5270978	0.0
209.878784235	1318.5385724	0.0
209.888946589	1317.59887514	0.0
209.957901056	1316.29199037	0.0
210.020752009	1315.09643373	0.0
210.020752009	1313.37939271	0.0
210.144027764	1312.67724428	0.0
210.192459161	1311.62096986	0.0
210.246246393	1310.44457826	0.0
210.292892512	1309.57055482	0.0
210.330856377	1308.54931459	0.0
210.343338068	1307.85839662	0.0
210.354431207	1307.33032045	0.0
210.37745672	1306.2873517	0.0
210.403732354	1305.42126283	0.0
210.412933404	1304.03515443	0.0
210.410720881	1303.17223939	0.0
210.410842951	1302.48364076	0.0
210.405410821	1301.29650697	0.0
210.400451714	1300.44396791	0.0
210.394043022	1299.07372865	0.0
210.38778692	1298.36230287	0.0
210.37796026	1296.98034486	0.0
210.373306328	1296.09936341	0.0
210.366195734	1294.64782533	0.0
210.355682429	1292.52306947	0.0
210.350891169	1291.50488099	0.0
210.344421443	1289.82214174	0.0
210.355712947	1289.27355775	0.0
210.384643609	1287.65478334	0.0
210.39471441	1287.11474427	0.0
210.411224419	1286.2260724	0.0
210.435348567	1284.94274721	0.0
210.46098333	1284.21447572	0.0
210.460739191	1283.66198549	0.0
210.452896172	1282.72533998	0.0
210.448867852	1281.97057924	0.0
210.445999202	1281.44750795	0.0
210.440872248	1280.60595521	0.0
210.433151301	1279.40966615	0.0
210.425125176	1278.19970522	0.0
210.418121392	1277.17370424	0.0
210.412582452	1276.34399232	0.0
210.404068047	1275.08691225	0.0
210.398635919	1274.26708803	0.0
210.394577081	1273.63415346	0.0
210.390487727	1273.01318178	0.0
210.386184748	1272.3745099	0.0
210.380523736	1271.52551088	0.0
210.375289971	1270.68615541	0.0
210.371109063	1270.04870424	0.0
210.365234429	1269.18554506	0.0
210.359375055	1268.30114564	0.0
210.355331475	1267.65978823	0.0
210.344940241	1266.15148744	0.0
210.338851983	1265.25683412	0.0
210.334777886	1264.62243471	0.0
210.326217706	1263.29980287	0.0
210.321731622	1262.65502748	0.0
210.317230279	1261.98327455	0.0
210.311843927	1261.0998517	0.0
210.306289727	1260.22692689	0.0
210.300323542	1259.34057435	0.0
210.292404229	1258.22888002	0.0
210.283523615	1256.87463197	0.0
210.277191216	1255.98156556	0.0
210.272598321	1255.29076967	0.0
210.272598321	1254.66540346	0.0
210.263153131	1253.88915834	0.0
210.258224543	1253.12914858	0.0
210.253646906	1252.43505678	0.0
210.250610407	1251.73449525	0.0
210.242828425	1250.81640443	0.0
210.238113459	1250.11511049	0.0
210.233261164	1249.42455873	0.0
210.228515679	1248.72656068	0.0
210.22360235	1248.02331362	0.0
210.21882635	1247.31847963	0.0
210.213928278	1246.62011537	0.0
210.206955011	1245.65722475	0.0
210.198959405	1244.48180971	0.0
210.192504939	1243.53759584	0.0
210.187393244	1242.81335268	0.0
210.182540948	1242.10412416	0.0
210.176116999	1241.14086732	0.0
210.171173151	1240.4114972	0.0
210.165237481	1239.54138002	0.0
210.154953059	1237.99072084	0.0
210.145095881	1236.54028139	0.0
210.138519343	1235.57238588	0.0
210.132049616	1234.60583314	0.0
210.1234284	1233.36706361	0.0
210.1181336	1232.61572084	0.0
210.1181336	1231.88769349	0.0
210.107894951	1231.13952455	0.0
210.100891169	1230.15075502	0.0
210.097412164	1229.64550599	0.0
210.093826349	1229.13183412	0.0
210.083282525	1227.63940248	0.0
210.080154473	1227.12426576	0.0
210.072982843	1226.12524232	0.0
210.06924444	1225.61498842	0.0
210.058807427	1224.08288393	0.0
210.053695733	1223.32372865	0.0
210.048309382	1222.56786928	0.0
210.044616755	1222.0316144	0.0
210.036117608	1220.77490053	0.0
210.032501275	1220.23278627	0.0
210.028793389	1219.71606264	0.0
210.025299126	1219.21496401	0.0
210.01997381	1218.43078431	0.0
210.014572199	1217.63781557	0.0
210.009017999	1216.8699933	0.0
210.001632745	1215.82543764	0.0
209.998153742	1215.2795392	0.0
209.992782648	1214.50817689	0.0
209.985137994	1213.43810853	0.0
209.980026299	1212.66979799	0.0
209.976303157	1212.11352357	0.0
209.96905523	1211.06176576	0.0
209.965316827	1210.51574525	0.0
209.958038386	1209.45275697	0.0
209.952499444	1208.63976869	0.0
209.947372492	1207.90209779	0.0
209.941345269	1207.02648744	0.0
209.933380182	1205.87963686	0.0
209.927429254	1205.05505189	0.0
209.921463068	1204.21362123	0.0
209.91575628	1203.40649233	0.0
209.907852229	1202.29504212	0.0
209.901886042	1201.44567689	0.0
209.896316584	1200.6389142	0.0
209.890609796	1199.79943666	0.0
209.886886652	1199.24658021	0.0
209.879165705	1198.13805971	0.0
209.875412042	1197.58630189	0.0
209.867797907	1196.47204408	0.0
209.863723809	1195.8979474	0.0
209.859802302	1195.35876283	0.0
209.851654108	1194.22863588	0.0
209.847686822	1193.67602357	0.0
209.841537531	1192.83129701	0.0
209.83737188	1192.2593976	0.0
209.82252508	1190.22765931	0.0
209.818573054	1189.67858705	0.0
209.814346369	1189.09704408	0.0
209.806289728	1187.96264467	0.0
209.802154595	1187.38451967	0.0
209.793640192	1186.2359601	0.0
209.787338311	1185.35058412	0.0
209.781097467	1184.48278627	0.0
209.77691656	1183.91198549	0.0
209.765914973	1182.44885072	0.0
209.759094292	1181.56054506	0.0
209.752258356	1180.67822084	0.0
209.747970636	1180.09191713	0.0
209.743484552	1179.49108705	0.0
209.732528742	1178.04650697	0.0
209.723983819	1176.88488588	0.0
209.717224177	1175.97826967	0.0
209.712905939	1175.41064271	0.0
209.703811701	1174.22668275	0.0
209.699325617	1173.64404115	0.0
209.6907044	1172.5463849	0.0
209.68528753	1171.86633119	0.0
209.680358943	1171.23644838	0.0
209.671035822	1170.05541811	0.0
209.666626031	1169.4859601	0.0
209.66224676	1168.89562807	0.0
209.655883845	1168.04113588	0.0
209.6493836	1167.13659486	0.0
209.641326959	1165.98351869	0.0
209.637558038	1165.42053041	0.0
209.631668145	1164.56567201	0.0
209.625976617	1163.68810853	0.0
209.622406061	1163.12072572	0.0
209.615036066	1161.98620424	0.0
209.609161433	1161.13928041	0.0
209.60150152	1159.98119935	0.0
209.598175104	1159.42455873	0.0
209.588531549	1158.02477846	0.0
209.585052544	1157.47448549	0.0
209.581558282	1156.90417299	0.0
209.578170831	1156.32043275	0.0
209.578170831	1155.78344545	0.0
209.571823175	1155.25903139	0.0
209.563919123	1153.93029603	0.0
209.56079107	1153.41869935	0.0
209.555618341	1152.5653058	0.0
209.552124078	1151.99743471	0.0
209.547149714	1151.1755353	0.0
209.540771539	1150.07568178	0.0
209.537170465	1149.51611146	0.0
209.533554133	1148.96594057	0.0
209.52981573	1148.42126283	0.0
209.526489312	1147.88183412	0.0
209.513824518	1146.22350893	0.0
209.504028375	1145.13122377	0.0
209.49919134	1144.5941144	0.0
209.491912896	1143.78906068	0.0
209.484390314	1142.98278627	0.0
209.474014338	1141.92236146	0.0
209.466217096	1141.10217103	0.0
209.459121759	1140.30688295	0.0
209.451232965	1139.48571596	0.0
209.445816095	1138.95837221	0.0
209.434951837	1137.87512026	0.0
209.429779108	1137.35204896	0.0
209.424560603	1136.81921205	0.0
209.408691461	1135.22179994	0.0
209.39672857	1134.199339	0.0
209.393722589	1133.65929994	0.0
209.390853936	1133.14709291	0.0
209.381607111	1131.59728822	0.0
209.375671442	1130.58764467	0.0
209.369567926	1129.57287416	0.0
209.36637884	1129.0463849	0.0
209.360351618	1128.03747377	0.0
209.356903131	1127.5106183	0.0
209.351760918	1126.69054994	0.0
209.343414362	1125.45959291	0.0
209.336654719	1124.44140443	0.0
209.333145196	1123.92980775	0.0
209.325332697	1122.91747865	0.0
209.317627008	1121.84692201	0.0
209.310257014	1120.8432599	0.0
209.302261408	1119.817381	0.0
209.298507746	1119.30700502	0.0
209.290985162	1118.27429018	0.0
209.285247859	1117.48876771	0.0
209.279510552	1116.72863588	0.0
209.281829888	1116.19494448	0.0
209.270385797	1115.17431459	0.0
209.257370049	1114.65051088	0.0
209.233657891	1113.6245099	0.0
209.221862847	1113.09240541	0.0
209.210311944	1112.56823548	0.0
209.188095149	1111.56152162	0.0
209.171020563	1110.28014955	0.0
209.15618902	1109.5081769	0.0
209.104110773	1108.50610169	0.0
209.049194391	1107.74206361	0.0
208.980575617	1106.75622377	0.0
208.932586724	1106.06579408	0.0
208.873077447	1105.20825014	0.0
208.83459478	1104.65209779	0.0
208.799118097	1104.14623842	0.0
208.754821832	1103.40710268	0.0
208.725128229	1102.9078351	0.0
208.618652399	1101.68090639	0.0
208.535141047	1100.9390851	0.0
208.402084406	1099.73632631	0.0
208.294235285	1098.76330384	0.0
208.198150689	1097.78820619	0.0
208.073806818	1096.82922182	0.0
207.944839533	1095.89733705	0.0
207.814102228	1094.93139467	0.0
207.687896782	1093.99059877	0.0
207.599639948	1093.26537904	0.0
207.5084992	1092.59094056	0.0
207.362396294	1091.66161928	0.0
207.183731133	1090.81506166	0.0
206.971496638	1089.8074933	0.0
206.79667669	1088.93029603	0.0
206.656555231	1088.23315248	0.0
206.279159602	1086.69335756	0.0
206.046264704	1085.80993471	0.0
205.875427301	1085.15771303	0.0
205.527816828	1083.83837709	0.0
205.360580499	1083.2067853	0.0
205.12556463	1082.317381	0.0
204.840515192	1081.24072084	0.0
204.669189507	1080.59240541	0.0
204.494674736	1079.9312726	0.0
204.263610894	1079.05785951	0.0
204.021926934	1078.14196596	0.0
203.786697444	1077.20617494	0.0
203.569442803	1076.37438783	0.0
203.163803155	1075.0731183	0.0
202.887863214	1074.20556459	0.0
202.618225153	1073.34594545	0.0
202.215515192	1072.04540834	0.0
201.986694391	1071.4147931	0.0
201.758331354	1070.79113588	0.0
201.303024346	1069.52673158	0.0
201.08119207	1068.88732728	0.0
200.858657891	1068.293089	0.0
200.370117243	1067.08666811	0.0
200.032043513	1066.24462709	0.0
199.716705377	1065.44262514	0.0
199.320327813	1064.44323549	0.0
199.063781794	1063.87499818	0.0
198.703140314	1063.08105287	0.0
198.410751398	1062.43322572	0.0
197.982238823	1061.48156557	0.0
197.631683404	1060.69372377	0.0
197.27954107	1059.89318666	0.0
196.8182221	1058.94506654	0.0
196.437255914	1058.17187318	0.0
196.134994563	1057.59582338	0.0
195.839584406	1057.02990541	0.0
195.547073419	1056.46850404	0.0
195.252410944	1055.90307436	0.0
194.962661798	1055.32336244	0.0
194.675476129	1054.76379213	0.0
194.25723272	1054.02123842	0.0
193.827789362	1053.30724916	0.0
193.389434869	1052.57043275	0.0
192.975402887	1051.87341127	0.0
192.611053521	1051.2614728	0.0
192.179016168	1050.52367982	0.0
191.540222222	1049.44347963	0.0
191.084869439	1048.73986634	0.0
190.487670954	1047.89025697	0.0
189.897094781	1047.04150209	0.0
189.43603521	1046.36718568	0.0
188.969986018	1045.68810853	0.0
188.230499322	1044.71667299	0.0
187.858093316	1044.22839174	0.0
187.488372857	1043.74181947	0.0
187.254180964	1043.08263978	0.0
186.529266412	1042.46032533	0.0
186.012481745	1041.84582338	0.0
185.426116997	1041.14086733	0.0
184.75321966	1040.31139955	0.0
184.259307916	1039.71435365	0.0
183.862274224	1039.28478822	0.0
183.084533746	1038.4304181	0.0
182.570221001	1037.86279115	0.0
181.924438532	1037.13390931	0.0
181.142257746	1036.31677065	0.0
180.738464409	1035.89587221	0.0
180.355087336	1035.49438295	0.0
179.946929986	1035.06774721	0.0
179.322998101	1034.39709291	0.0
178.786895807	1033.8699933	0.0
178.387252862	1033.4838849	0.0
177.99526983	1033.10204896	0.0
177.609832818	1032.72497377	0.0
176.796524103	1031.91088685	0.0
176.211731011	1031.38842592	0.0
175.677169854	1030.90051088	0.0
175.280990656	1030.53637513	0.0
174.890792902	1030.1779767	0.0
174.24438482	1029.57140932	0.0
173.741668756	1029.10180482	0.0
173.350311335	1028.77306947	0.0
172.957778985	1028.44750795	0.0
172.327117975	1027.91845521	0.0
171.84394842	1027.51330385	0.0
171.349166925	1027.07983217	0.0
170.726318413	1026.58984193	0.0
170.230316218	1026.19653138	0.0
169.419189508	1025.5496808	0.0
168.88198858	1025.12219057	0.0
168.382507379	1024.72546205	0.0
167.751220758	1024.21435365	0.0
167.241165215	1023.79821596	0.0
166.599182183	1023.32543764	0.0
165.665908869	1022.6693097	0.0
165.261993462	1022.37396059	0.0
164.604583795	1021.90856752	0.0
164.048919732	1021.55181703	0.0
162.944351251	1020.82940492	0.0
162.406021172	1020.47765932	0.0
161.561019951	1019.9281598	0.0
160.843078668	1019.46142397	0.0
160.338043268	1019.13323793	0.0
159.533828791	1018.61303529	0.0
159.056289729	1018.30389223	0.0
158.582351739	1017.99712953	0.0
157.934753473	1017.5741559	0.0
157.256469782	1017.12255678	0.0
156.605987603	1016.72222719	0.0
156.096786554	1016.42516908	0.0
155.410598809	1016.02355775	0.0
154.894821221	1015.71716127	0.0
154.364257867	1015.39629945	0.0
153.836792048	1015.09612855	0.0
153.305694636	1014.81164369	0.0
152.217590387	1014.22747621	0.0
151.654144342	1013.92474184	0.0
151.110900934	1013.63354311	0.0
150.529693658	1013.32159242	0.0
149.62770086	1012.83788881	0.0
148.975524957	1012.4871808	0.0
148.12948614	1012.03863344	0.0
146.949096736	1011.38867006	0.0
146.169372613	1010.95623598	0.0
144.949157769	1010.28100405	0.0
144.31484991	1009.92968568	0.0
143.699234063	1009.58782777	0.0
143.064041192	1009.23632631	0.0
142.010040337	1008.64544496	0.0
141.165466363	1008.18194398	0.0
140.511215265	1007.8342267	0.0
139.860534723	1007.48827943	0.0
139.194717461	1007.13329896	0.0
138.543731745	1006.7850934	0.0
138.095275935	1006.54485902	0.0
137.642791803	1006.30200014	0.0
137.196456965	1006.06243715	0.0
136.728302056	1005.81091127	0.0
136.227935847	1005.54070863	0.0
134.885910089	1004.80450257	0.0
134.434722955	1004.56805238	0.0
133.973205622	1004.32720765	0.0
133.497375544	1004.0798932	0.0
132.773849541	1003.70483217	0.0
132.057449396	1003.33416566	0.0
131.099334772	1002.8387433	0.0
130.615280205	1002.58898744	0.0
129.112014825	1001.81554994	0.0
128.625991875	1001.56725892	0.0
128.141586359	1001.32647523	0.0
127.389381463	1000.9436017	0.0
126.659263667	1000.54900941	0.0
125.906135615	1000.13958559	0.0
125.175987299	999.742063612	0.0
124.408668573	999.323972791	0.0
123.901397761	999.047117326	0.0
123.413085991	998.7805768	0.0
122.390014704	998.22106752	0.0
121.875480707	997.939390271	0.0
121.35074621	997.651792619	0.0
120.375419671	997.116819471	0.0
119.775123652	996.787168592	0.0
118.443420466	996.05511293	0.0
117.657295281	995.622129532	0.0
116.606628472	995.042844865	0.0
116.040817316	994.730405897	0.0
114.95735174	994.131406873	0.0
114.396148736	993.820676892	0.0
113.305687005	993.207639781	0.0
112.475334222	992.749204723	0.0
111.081481988	992.003904433	0.0
109.941947993	991.397276014	0.0
109.367195185	991.092161269	0.0
107.625625666	990.169431778	0.0
106.467750605	989.556089491	0.0
105.878707941	989.243528455	0.0
104.083396966	988.286069958	0.0
103.502258355	987.974302383	0.0
102.625373895	987.502195446	0.0
100.782196099	986.508054824	0.0
100.085861262	986.132261367	0.0
99.4708328799	985.800657363	0.0
98.5564346869	985.309019179	0.0
97.6189575737	984.806394665	0.0
96.3663254329	984.13714418	0.0
95.4375687206	983.642637344	0.0
94.8377380915	983.323484509	0.0
93.9028320861	982.814268206	0.0
92.0269775931	981.839536758	0.0
91.0940247137	981.355466933	0.0
90.4925003605	981.042783828	0.0
89.2014771054	980.371885388	0.0
87.2911453785	979.382627577	0.0
86.6371918271	979.045164199	0.0
86.0040665233	978.718992325	0.0
85.0711136403	978.238584609	0.0
84.4357758114	977.911558244	0.0
83.1445313056	977.244810192	0.0
82.5077362606	976.914793105	0.0
81.2749329163	976.273984998	0.0
80.7836456847	976.018064589	0.0
79.8674316964	975.539610001	0.0
78.5743637627	974.862913223	0.0
77.5713577818	974.336484999	0.0
76.5938873829	973.820554824	0.0
74.9756470284	972.962156387	0.0
74.3499374948	972.629026501	0.0
73.701820428	972.284849257	0.0
72.7921677196	971.801755995	0.0
71.8760834302	971.315855119	0.0
70.6940460755	970.692136857	0.0
70.1203461244	970.388975232	0.0
69.5481339048	970.081113904	0.0
68.9908524115	969.781858537	0.0
68.4103470393	969.474241347	0.0
67.8849258963	969.197813125	0.0
66.7841721119	968.63622865	0.0
65.973892266	968.238767712	0.0
65.1364746639	967.844175431	0.0
64.5951614925	967.592710585	0.0
63.8056183418	967.22808656	0.0
62.6916008557	966.736509413	0.0
62.0142632077	966.439756484	0.0
61.147079522	966.036802381	0.0
60.6424675536	965.800962539	0.0
60.3722878057	965.084165666	0.0
59.1446686334	965.084165666	0.0
58.6316567021	964.840574354	0.0
57.8559074943	964.483091444	0.0
57.3700714664	964.268247692	0.0
55.8675041748	963.65264711	0.0
55.1133156381	963.376829236	0.0
54.1108513437	963.06127748	0.0
53.5988655638	962.918089005	0.0
52.6074295603	962.643980117	0.0
51.8576279234	962.43627748	0.0
51.3722305845	962.301450822	0.0
50.3759613577	962.030210584	0.0
49.6276970448	961.831235976	0.0
48.9061089115	961.61901674	0.0
48.4142227713	961.47271547	0.0
47.9222031183	961.327207657	0.0
46.9852333615	961.051450817	0.0
46.4901505078	960.899046035	0.0
45.5631065928	960.619627089	0.0
45.0339050841	960.468565078	0.0
44.4823837831	960.317625137	0.0
43.5227280219	960.087888808	0.0
42.0803337655	959.778928848	0.0
41.1056480951	959.555234999	0.0
40.3917389461	959.396421524	0.0
39.6781006408	959.249265762	0.0
38.9657822201	959.116148086	0.0
38.0118027279	958.963621231	0.0
36.8282585693	958.819395155	0.0
36.1189346859	958.758787244	0.0
35.4050369819	958.717710584	0.0
34.6763573235	958.697507948	0.0
33.9890480599	958.705198379	0.0
32.5898781384	958.804929824	0.0
31.8791847771	958.858457657	0.0
30.7802372522	958.942503064	0.0
30.2508698054	958.983823866	0.0
29.557731684	959.03808412	0.0
28.882198389	959.091184706	0.0
27.9543743691	959.151609514	0.0
27.0339413236	959.223386857	0.0
26.3485088902	959.290403456	0.0
25.2333698812	959.432066054	0.0
24.3475266044	959.580015275	0.0
23.6757889339	959.716917131	0.0
22.8263340551	959.933958142	0.0
21.9812603553	960.186582656	0.0
20.4767609187	960.642271132	0.0
19.8092003427	960.845762343	0.0
19.1938915797	961.033506483	0.0
18.5445824218	961.225095838	0.0
17.6977272588	961.47308168	0.0
17.2888622843	961.789182754	0.0
16.7139645167	961.789182754	0.0
16.0393639166	962.026243303	0.0
14.8414955695	962.50372133	0.0
14.2551251011	962.778074353	0.0
13.6947746822	963.070127575	0.0
13.120131548	963.36901674	0.0
12.3704023903	963.757993789	0.0
11.6261759365	964.150205703	0.0
10.8738041476	964.546262831	0.0
10.3203402114	964.833860488	0.0
9.76725488494	965.123045056	0.0
9.03091722197	965.514280409	0.0
8.13244729728	965.991880506	0.0
7.02349382156	966.560545059	0.0
6.48493629141	966.851377578	0.0
5.97054391663	967.159605118	0.0
5.26688438281	967.590452286	0.0
4.56766563258	968.014829729	0.0
3.91374617378	968.406309219	0.0
3.14905601315	968.854368303	0.0
2.49265390181	969.27709779	0.0
1.81913429097	969.727293103	0.0
0.990922625235	970.265195939	0.0
0.498900201346	970.586668109	0.0
0.00482499197824	970.925474254	0.0
-0.462479834561	971.27483949	0.0
-0.781293934211	971.859983535	0.0
-1.88031405705	972.307737443	0.0
-2.3420860222	972.66625795	0.0
-2.80636519723	973.029417127	0.0
-3.10832971713	973.479124162	0.0
-4.01841825782	973.942564102	0.0
-4.60148376663	974.40777406	0.0
-5.03922361549	974.775571912	0.0
-5.40982431703	975.118894671	0.0
-5.98134321481	975.681699844	0.0
-6.50943082973	976.19524965	0.0
-7.04548591928	976.69848451	0.0
-7.70096391963	977.346860977	0.0
-8.07047838514	977.752683729	0.0
-8.42194933136	978.156004042	0.0
-8.76826757588	978.539548968	0.0
-9.46254057082	979.32879457	0.0
-9.79144567781	979.736387343	0.0
-10.3181695387	980.38323793	0.0
-10.9453925543	981.156980606	0.0
-11.3655032564	981.663694473	0.0
-11.7727393561	982.163755505	0.0
-12.3392819819	982.940855116	0.0
-12.7723502566	983.560300919	0.0
-13.0888204028	984.009641737	0.0
-13.4642438337	984.542844863	0.0
-13.9448747084	985.208067031	0.0
-14.4056291036	985.883176895	0.0
-14.937118475	986.720640272	0.0
-15.4861392419	987.552244277	0.0
-15.7635497493	987.970335096	0.0
-16.1978320515	988.701841446	0.0
-16.5412463581	989.287046521	0.0
-16.8097514545	989.723264786	0.0
-17.3074111385	990.612241835	0.0
-17.6140136159	991.223264786	0.0
-17.8558310909	991.690916151	0.0
-18.2062835141	992.341672988	0.0
-18.7706260129	993.614439104	0.0
-19.228155082	994.736997694	0.0
-19.561256353	995.71349916	0.0
-19.9036406915	996.696470347	0.0
-20.0778006965	997.197324845	0.0
-20.2523040214	997.695982069	0.0
-20.491970007	998.398191541	0.0
-20.6735610418	998.925840469	0.0
-20.9321021494	999.635068981	0.0
-21.175958579	1000.35320863	0.0
-21.3836745675	1001.04687318	0.0
-21.6606902524	1001.93877992	0.0
-21.8291015075	1002.47619447	0.0
-21.9975623525	1003.0184308	0.0
-22.2340297155	1003.77709779	0.0
-22.4026317056	1004.31469545	0.0
-22.6280841278	1005.05206117	0.0
-23.0493697577	1006.37115297	0.0
-23.3079718996	1007.32012758	0.0
-23.5089568545	1008.08575258	0.0
-23.7230014256	1008.87341127	0.0
-24.0602359214	1010.07690248	0.0
-24.2146891999	1010.68920717	0.0
-24.3956279198	1011.48699769	0.0
-24.5493354247	1012.28777895	0.0
-24.6684855857	1013.09167299	0.0
-24.7007197788	1013.90032777	0.0
-24.8073577327	1014.91033754	0.0
-24.8762149251	1015.66601381	0.0
-24.9299811768	1016.3475934	0.0
-24.9650439664	1016.9448224	0.0
-24.9682845516	1017.94994936	0.0
-24.9742965157	1018.7493268	0.0
-24.9884185242	1019.51898011	0.0
-24.9746150412	1020.66650209	0.0
-24.9243506832	1021.60699281	0.0
-24.8533343714	1022.35351381	0.0
-24.7375125333	1023.10180482	0.0
-24.5862521575	1023.82299623	0.0
-24.3990668696	1024.73583803	0.0
-24.1840094969	1025.7972394	0.0
-24.0517482199	1026.32409486	0.0
-23.9156207492	1026.8210431	0.0
-23.7428283138	1027.47228822	0.0
-23.5865821281	1028.06103334	0.0
-23.4032744811	1028.80053529	0.0
-23.2298468999	1029.44445619	0.0
-23.0848636076	1029.92480287	0.0
-22.8618392393	1030.53881655	0.0
-22.6364688321	1031.1824933	0.0
-22.4199599667	1031.8074933	0.0
-22.1465033933	1032.58654603	0.0
-21.8808345241	1033.339964	0.0
-21.7193507607	1033.81518373	0.0
-21.5126189632	1034.42968568	0.0
-21.2992419658	1035.01672182	0.0
-21.0528048918	1035.60424623	0.0
-20.92076296	1036.17846498	0.0
-20.5205459045	1036.75536928	0.0
-20.2999324254	1037.23864564	0.0
-19.8488654551	1038.22448549	0.0
-19.5715732015	1038.82726869	0.0
-19.3646068015	1039.29711732	0.0
-19.0922908243	1039.89855775	0.0
-18.6222056785	1040.80834779	0.0
-18.3045100627	1041.42504701	0.0
-18.0698985498	1041.88085756	0.0
-17.5800246649	1042.82934389	0.0
-17.1655616222	1043.63061342	0.0
-16.8155097407	1044.30615052	0.0
-16.4785708821	1044.96117982	0.0
-16.1450538091	1045.63134584	0.0
-15.8773488458	1046.12695131	0.0
-15.4396190087	1046.90026674	0.0
-15.3775500701	1047.79675111	0.0
-14.7379483628	1048.14282045	0.0
-14.4442567282	1048.6623517	0.0
-14.060579245	1049.34118471	0.0
-13.6639184412	1050.04235658	0.0
-13.366126005	1050.56872377	0.0
-13.0643033425	1051.10021791	0.0
-12.6552781506	1051.82067689	0.0
-12.3499383376	1052.36181459	0.0
-12.1520032328	1053.25012026	0.0
-11.5417088904	1053.79772768	0.0
-11.0378732123	1054.69408998	0.0
-10.6397790349	1055.40136537	0.0
-10.1381177359	1056.28820619	0.0
-9.04870409152	1058.26952943	0.0
-8.3806485575	1059.49474916	0.0
-8.12286562199	1059.9658185	0.0
-7.96499866789	1060.5607892	0.0
-7.32931083807	1061.41747865	0.0
-6.89174551208	1062.2170392	0.0
-6.55573600967	1062.83190736	0.0
-6.17478555819	1063.5262433	0.0
-5.93217272061	1063.96911439	0.0
-5.60610813292	1064.56750307	0.0
-5.35233873531	1065.03246888	0.0
-5.03819126246	1065.60937318	0.0
-4.74921459513	1066.1389142	0.0
-4.5347327629	1066.71447572	0.0
-4.17995018215	1067.18493471	0.0
-3.83295172907	1067.82385072	0.0
-3.58116764313	1068.28674135	0.0
-3.25265306619	1068.89452943	0.0
