13.4854431701	1099.95788392	0.0
13.7413054068	1100.4000226	0.0
13.9978018351	1100.84350404	0.0
14.2632580347	1101.30822572	0.0
14.5156279161	1101.75463685	0.0
14.7724295216	1102.20849428	0.0
15.0424404691	1102.68493471	0.0
15.3314390722	1103.19506654	0.0
15.6272030429	1103.7158185	0.0
15.9244433001	1104.23974428	0.0
16.1872788036	1104.70312318	0.0
16.4734421322	1105.20861635	0.0
16.7251682829	1105.65331849	0.0
17.062963541	1106.24658021	0.0
17.4120140616	1106.85900697	0.0
17.668582971	1107.31005677	0.0
17.9204159324	1107.75243959	0.0
18.246181544	1108.32531556	0.0
18.5937843872	1108.9345685	0.0
18.8615589688	1109.40527162	0.0
19.2351360864	1110.05993471	0.0
19.5220585411	1110.56445131	0.0
19.8937550151	1111.21667299	0.0
20.208772714	1111.77075014	0.0
20.5317631314	1112.33617983	0.0
20.8753376563	1112.93859681	0.0
21.2208710269	1113.54504213	0.0
21.7019768307	1114.39636049	0.0
21.9500713896	1114.83276185	0.0
22.3330593669	1115.50488099	0.0
22.6022739957	1115.97851381	0.0
22.9920235231	1116.66711244	0.0
23.3960114077	1117.37878237	0.0
23.6452675405	1117.81725892	0.0
23.9355812618	1118.32848939	0.0
24.3931599209	1119.13268861	0.0
24.7008629399	1119.67297182	0.0
25.0175915321	1120.22961244	0.0
25.3363304687	1120.7885724	0.0
25.6643047883	1121.36413393	0.0
26.008289392	1121.96801576	0.0
26.5004635413	1122.83178529	0.0
26.8429279866	1123.43115053	0.0
27.1882763453	1124.03539857	0.0
27.5377483925	1124.64648256	0.0
27.8892841895	1125.26110658	0.0
28.2476597389	1125.88635072	0.0
28.608346993	1126.51464662	0.0
28.9795513704	1127.16161928	0.0
29.3496170596	1127.80859193	0.0
29.7175865731	1128.45409975	0.0
30.0913715913	1129.10864076	0.0
30.4728832789	1129.77783021	0.0
30.8460426883	1130.43432435	0.0
31.2329922276	1131.11694154	0.0
31.4243984778	1131.786131	0.0
32.002006585	1132.46996889	0.0
32.395435389	1133.16076479	0.0
32.7945595339	1133.86157045	0.0
33.1957932074	1134.56518373	0.0
33.8022499639	1135.62719545	0.0
34.2183647701	1136.35485658	0.0
34.6353912893	1137.08337221	0.0
35.4359474728	1138.48132143	0.0
35.7806816645	1139.08251771	0.0
36.1892090404	1139.79504213	0.0
36.5172653748	1140.36828431	0.0
37.1999817435	1141.56335268	0.0
37.6593094416	1142.35388002	0.0
37.8867073599	1143.15136537	0.0
38.5255699716	1143.92992982	0.0
38.9505386892	1144.71801576	0.0
39.5900345394	1145.89806947	0.0
40.0142708385	1146.67956362	0.0
40.4366684519	1147.45580873	0.0
41.0712624139	1148.61926088	0.0
41.7180405211	1149.80590639	0.0
42.3635407037	1150.99120912	0.0
42.764419611	1151.72814759	0.0
43.2327843269	1152.59094056	0.0
43.663143213	1153.38354311	0.0
44.0910378046	1154.17199525	0.0
44.5228615364	1154.96789369	0.0
45.1726608824	1156.16491518	0.0
45.7331162042	1157.19836244	0.0
46.0400353029	1157.76367006	0.0
46.5936852045	1158.78393373	0.0
46.9167481014	1159.379881	0.0
47.2417069034	1159.97912416	0.0
47.675014551	1160.77844056	0.0
48.1102867678	1161.5821515	0.0
48.4405518124	1162.19177064	0.0
48.7691536492	1162.79870423	0.0
49.1981773935	1163.59094057	0.0
49.8394775944	1164.77367982	0.0
50.3153954102	1165.6512433	0.0
50.7584343496	1166.4670392	0.0
51.203601892	1167.28576478	0.0
51.6418076106	1168.09118471	0.0
52.0851936886	1168.90637025	0.0
52.7493782595	1170.12707338	0.0
53.4272232613	1171.37365541	0.0
53.8822670522	1172.21056947	0.0
54.3372421808	1173.04772768	0.0
55.0208511906	1174.30541811	0.0
55.4732704705	1175.13793764	0.0
55.9247131898	1175.96887025	0.0
56.3839531495	1176.81445131	0.0
56.840965327	1177.65612611	0.0
57.2813263494	1178.46740541	0.0
57.7468643733	1179.32494936	0.0
58.0165253229	1179.82140932	0.0
58.2635803779	1180.2770978	0.0
59.1891022282	1181.98339662	0.0
59.5508041925	1182.65087709	0.0
59.8869476868	1183.27136049	0.0
60.1299133849	1183.72021303	0.0
60.5916138243	1184.5731183	0.0
60.9446068358	1185.22582826	0.0
61.2928543648	1185.87023744	0.0
61.6495552618	1186.53014955	0.0
61.8879128047	1186.97094545	0.0
62.3614540661	1187.84631166	0.0
62.6004601069	1188.28783998	0.0
63.0652542667	1189.14660463	0.0
63.5363731932	1190.02270326	0.0
64.0067596987	1190.88671693	0.0
64.4798279356	1191.73962221	0.0
64.9467850277	1192.58202943	0.0
65.4583206723	1193.50427064	0.0
65.9187317448	1194.33434877	0.0
66.3885040823	1195.18090639	0.0
66.8718185968	1196.05151186	0.0
67.7870102474	1197.70007142	0.0
68.2525864187	1198.53796205	0.0
68.9631805978	1199.81664857	0.0
69.4283981871	1200.65270815	0.0
69.9090653023	1201.5163556	0.0
70.6151581368	1202.78588685	0.0
71.080398615	1203.62170228	0.0
71.3405228222	1204.08971986	0.0
71.6985703058	1204.73327455	0.0
72.0488129219	1205.36205873	0.0
72.7365341727	1206.59924134	0.0
73.1469650826	1207.33654604	0.0
73.6220474794	1208.18859682	0.0
74.1103897649	1209.06310854	0.0
74.5931015564	1209.92822084	0.0
75.0832291208	1210.80676088	0.0
75.8034515931	1212.09826478	0.0
76.2841568534	1212.96240053	0.0
76.7729340143	1213.8420392	0.0
77.5018921446	1215.15405091	0.0
77.9781494698	1216.00988588	0.0
78.2230682927	1216.44958315	0.0
78.4725723813	1216.89831362	0.0
78.7237320499	1217.35009584	0.0
79.2126999451	1218.22839174	0.0
79.4675980157	1218.68603334	0.0
79.7115860535	1219.12487611	0.0
79.9584656315	1219.56847963	0.0
80.667694147	1220.84289369	0.0
81.1508331858	1221.71179017	0.0
81.6830673777	1222.66979799	0.0
81.9377594547	1223.12817201	0.0
82.1818314141	1223.56664858	0.0
82.6691818797	1224.46349916	0.0
83.1708374564	1225.33923158	0.0
83.4312286919	1225.7894269	0.0
83.93743139	1226.66772279	0.0
84.4404068537	1227.54076967	0.0
84.4404068537	1228.40368471	0.0
85.1829910829	1228.82922182	0.0
85.4329681947	1229.26281557	0.0
85.688118035	1229.70532045	0.0
86.1841049735	1230.56664857	0.0
86.678070124	1231.42419252	0.0
86.9331131522	1231.86804018	0.0
87.4236450755	1232.72167787	0.0
87.9256592347	1233.59606752	0.0
88.4188156687	1234.45629701	0.0
88.883232171	1235.26684389	0.0
89.1817169748	1235.7873517	0.0
90.1810837336	1237.53234682	0.0
90.4314575754	1237.96899232	0.0
90.8149185726	1238.63805971	0.0
91.1936569767	1239.29833803	0.0
91.9270401563	1240.57507143	0.0
92.3025360649	1241.2281476	0.0
92.7915649957	1242.07726869	0.0
93.5360107967	1243.36791811	0.0
94.0333786561	1244.22973451	0.0
94.2859955374	1244.66699037	0.0
94.7775650569	1245.51757631	0.0
95.2760620671	1246.37951478	0.0
95.5297546938	1246.81945619	0.0
96.0230942319	1247.67492494	0.0
96.27288061	1248.53295717	0.0
96.9937820992	1249.36034974	0.0
97.5398560115	1250.30908022	0.0
98.0308380667	1251.16271791	0.0
98.2839737487	1251.60326967	0.0
98.7852707449	1252.47582826	0.0
99.2951660714	1253.36279115	0.0
99.5542679375	1253.81384095	0.0
99.8098831734	1254.25890932	0.0
100.577499444	1255.58129701	0.0
101.077209528	1256.46398744	0.0
101.578727778	1257.35095033	0.0
101.831436211	1257.79723939	0.0
102.212677057	1258.46923646	0.0
102.573944146	1259.10485658	0.0
102.950012263	1259.7672101	0.0
103.319648798	1260.42053041	0.0
103.69186407	1261.06957826	0.0
104.055564934	1261.69677553	0.0
104.637802179	1262.77380189	0.0
104.98986059	1263.42101869	0.0
105.424835259	1264.22143373	0.0
105.886993463	1265.07043276	0.0
106.520576532	1266.23364076	0.0
107.219047601	1267.5172101	0.0
107.676307733	1268.35693178	0.0
108.137924249	1269.20532045	0.0
108.600982721	1270.05578432	0.0
109.075874383	1270.9279767	0.0
109.538215692	1271.77575502	0.0
109.781013544	1272.22082338	0.0
110.248741205	1273.07800111	0.0
110.719352776	1273.94103822	0.0
111.191902214	1274.80834779	0.0
111.432724055	1275.25048646	0.0
111.901863153	1276.11034975	0.0
112.381828363	1276.99194154	0.0
112.869094904	1277.86315736	0.0
113.308189448	1278.70495424	0.0
113.580474909	1279.23229799	0.0
114.031501824	1280.10339174	0.0
114.59216314	1281.18737611	0.0
115.043525751	1282.05639467	0.0
115.479339654	1282.88708314	0.0
115.906013545	1283.75048647	0.0
116.34455877	1284.63207826	0.0
116.767067011	1285.47863588	0.0
117.200843865	1286.33508119	0.0
117.819427545	1287.5953351	0.0
118.226509148	1288.44286928	0.0
118.634941157	1289.29150209	0.0
118.634941157	1290.13964662	0.0
119.263397271	1290.57275209	0.0
119.641487177	1291.38500795	0.0
120.179626521	1292.60656557	0.0
120.582672174	1293.5151349	0.0
120.954834039	1294.33679018	0.0
121.314285333	1295.17492494	0.0
121.66853338	1295.99584779	0.0
122.024162348	1296.81908998	0.0
122.374305779	1297.62939271	0.0
122.912330682	1298.87646303	0.0
123.271774346	1299.71008119	0.0
123.636932427	1300.52685365	0.0
124.143699702	1301.76940736	0.0
124.478996333	1302.59191713	0.0
124.812126215	1303.40649232	0.0
125.155685481	1304.23242006	0.0
125.560997065	1305.24609193	0.0
125.792114312	1305.83971987	0.0
126.097961481	1306.61962709	0.0
126.407417352	1307.41271791	0.0
126.841468865	1308.4949933	0.0
127.132072505	1309.28954897	0.0
127.419990594	1310.0698224	0.0
127.711296136	1310.85546693	0.0
128.000549372	1311.63513002	0.0
128.434631402	1312.80639467	0.0
128.877059991	1313.9916974	0.0
129.178299005	1314.79760561	0.0
129.455276544	1315.58520326	0.0
129.727432306	1316.35192689	0.0
130.019302423	1317.13781556	0.0
130.404327447	1318.29687318	0.0
130.647674616	1319.058714	0.0
130.883209285	1319.76403627	0.0
131.140899714	1320.59301576	0.0
131.314666803	1321.17638979	0.0
131.482772882	1321.73351869	0.0
131.821716364	1322.85241518	0.0
132.002029474	1323.44836244	0.0
132.231475886	1324.20654115	0.0
132.580261286	1325.35876283	0.0
132.817321833	1326.1290265	0.0
133.061431939	1326.90063295	0.0
133.273284967	1327.68212709	0.0
133.497604424	1328.47179994	0.0
133.826995905	1329.60937319	0.0
134.005325372	1330.39037904	0.0
134.19071966	1331.12145814	0.0
134.440658625	1332.20825014	0.0
134.548019465	1332.82836732	0.0
134.650054986	1333.39636049	0.0
134.852691705	1334.51244936	0.0
134.987991388	1335.23620424	0.0
135.127731378	1335.96923647	0.0
135.282821711	1337.06225404	0.0
135.401901301	1337.77636537	0.0
135.496963555	1338.48766908	0.0
135.610641533	1339.51830873	0.0
135.686340387	1340.18993959	0.0
135.762374932	1340.86791811	0.0
135.874633844	1341.8745099	0.0
135.946289117	1342.52038392	0.0
136.0165711	1343.15746889	0.0
136.133407647	1344.09045228	0.0
136.183334406	1344.77490053	0.0
136.250091609	1345.68334779	0.0
136.300735528	1346.34264955	0.0
136.352066096	1347.01867494	0.0
136.402313288	1347.69140443	0.0
136.491500909	1348.73852357	0.0
136.538711603	1349.44079408	0.0
136.564437922	1350.14245424	0.0
136.607864436	1351.21032533	0.0
136.649414117	1351.91320619	0.0
136.663024958	1352.61401185	0.0
136.678085382	1353.31481752	0.0
136.694335993	1354.01647767	0.0
136.702743584	1354.72888002	0.0
136.739517267	1355.77282533	0.0
136.757080133	1356.74181947	0.0
136.755127008	1357.61694154	0.0
136.756149346	1358.14123354	0.0
136.757446345	1359.00170717	0.0
136.757934625	1359.53991517	0.0
136.758255059	1360.06310853	0.0
136.758956964	1360.76135072	0.0
136.759292658	1361.2963849	0.0
136.759826714	1362.01537904	0.0
136.760498101	1363.11742982	0.0
136.760910088	1363.88464174	0.0
136.761306817	1364.63415346	0.0
136.761779841	1365.77441224	0.0
136.762039238	1366.5229474	0.0
136.762497004	1367.28991518	0.0
136.761596735	1368.51293764	0.0
136.751403864	1369.2852765	0.0
136.767501887	1370.08129701	0.0
136.7927857	1370.87560853	0.0
136.805252129	1371.66064271	0.0
136.835907037	1372.45385561	0.0
136.890762384	1373.25366029	0.0
136.933548028	1374.07128725	0.0
136.988769586	1374.80724916	0.0
137.125228938	1376.098631	0.0
137.209381158	1376.90649232	0.0
137.295089776	1377.72753725	0.0
137.425903376	1378.96935853	0.0
137.513656671	1379.80126772	0.0
137.595718438	1380.64721498	0.0
137.687591609	1381.45873842	0.0
137.782928521	1382.23827943	0.0
137.844345149	1382.75048646	0.0
137.915817315	1383.34924135	0.0
138.061264092	1384.56579408	0.0
138.159881648	1385.38781557	0.0
138.234237725	1386.00720033	0.0
138.33056646	1386.80908022	0.0
138.405487116	1387.43395814	0.0
138.502792414	1388.2429181	0.0
138.604095515	1389.08288393	0.0
138.753997858	1390.32995424	0.0
138.853363092	1391.15173158	0.0
138.953018243	1391.97656068	0.0
139.105560357	1393.2371808	0.0
139.205505427	1394.06274232	0.0
139.308349665	1394.9102765	0.0
139.464004571	1396.19408998	0.0
139.565948541	1397.03417787	0.0
139.718414361	1398.29138002	0.0
139.818008478	1399.11657533	0.0
139.917450006	1399.94006166	0.0
140.016723688	1400.76257143	0.0
140.163574273	1401.989256	0.0
140.271316583	1402.80554018	0.0
140.358245904	1403.6043683	0.0
140.473312434	1404.76952943	0.0
140.55738836	1405.54382142	0.0
140.610015925	1406.30077943	0.0
140.701889094	1407.42394837	0.0
140.756469783	1408.14904604	0.0
140.784942682	1408.88464174	0.0
140.797683771	1409.88635072	0.0
140.809463555	1410.88476381	0.0
140.816421563	1411.54601869	0.0
140.822769219	1412.23974428	0.0
140.827224785	1412.74963197	0.0
140.836486871	1413.76562318	0.0
140.842910822	1414.45568666	0.0
140.847610529	1414.97643861	0.0
140.853622492	1415.66491518	0.0
140.860229546	1416.38036928	0.0
140.867279107	1417.1121808	0.0
140.87254339	1417.66784486	0.0
140.879180963	1418.38781557	0.0
140.889846856	1419.52758607	0.0
140.896896418	1420.25866518	0.0
140.905899103	1421.20300112	0.0
140.916320856	1422.30859193	0.0
140.924041802	1423.11974916	0.0
140.931854303	1423.96203431	0.0
140.944274957	1425.26696595	0.0
140.952560479	1426.16283998	0.0
140.960784968	1427.06811342	0.0
140.974578913	1428.45849427	0.0
140.984375055	1429.42150697	0.0
140.993408259	1430.38122377	0.0
141.009658868	1431.84057435	0.0
141.01983648	1432.79064759	0.0
141.027206475	1433.29174623	0.0
141.036285455	1434.25207338	0.0
141.042709405	1435.1512433	0.0
141.047271783	1435.76537904	0.0
141.052581841	1436.46459779	0.0
141.060974175	1437.59826478	0.0
141.067901666	1438.54589662	0.0
141.080001885	1439.25134096	0.0
141.089584406	1439.93212709	0.0
141.077667291	1440.62646303	0.0
141.066909845	1441.30285463	0.0
141.057083186	1441.958006	0.0
141.040390069	1443.058714	0.0
141.023162898	1444.16467104	0.0
141.008987483	1445.05700502	0.0
140.994796808	1445.96862611	0.0
140.980941827	1446.85143862	0.0
140.966522271	1447.754881	0.0
140.952484187	1448.65099916	0.0
140.932006891	1449.9604474	0.0
140.916809138	1450.93554506	0.0
140.902862603	1451.8366681	0.0
140.888778742	1452.75500307	0.0
140.874694879	1453.68334779	0.0
140.861053521	1454.58935365	0.0
140.84707647	1455.5262433	0.0
140.833389338	1456.45544252	0.0
140.819809014	1457.37670717	0.0
140.806121881	1458.31738099	0.0
140.792587335	1459.25243959	0.0
140.772003229	1460.65551576	0.0
140.758194024	1461.60290346	0.0
140.744079644	1462.53759584	0.0
140.722152766	1463.97131166	0.0
140.700454768	1465.33849916	0.0
140.685455377	1466.28271303	0.0
140.668899592	1467.30712709	0.0
140.653320367	1468.2672101	0.0
140.637710627	1469.22802553	0.0
140.62228399	1470.19457826	0.0
140.606491143	1471.16930971	0.0
140.591308648	1472.11938295	0.0
140.583450372	1472.61938295	0.0
140.568023736	1473.60070619	0.0
140.556091364	1474.36193666	0.0
140.545013482	1475.07958803	0.0
140.533233697	1475.84460267	0.0
140.513992365	1477.09753236	0.0
140.498626765	1478.10070619	0.0
140.487182671	1478.84911928	0.0
140.479492243	1479.35485658	0.0
140.456176812	1480.88073549	0.0
140.440750176	1481.8901349	0.0
140.430419978	1482.56725892	0.0
140.409271295	1483.95092592	0.0
140.401596124	1484.45324526	0.0
140.393753106	1484.96691713	0.0
140.385803278	1485.48522768	0.0
140.377807672	1486.00805482	0.0
140.369934138	1486.52282533	0.0
140.353820855	1487.57336244	0.0
140.345779474	1488.09753236	0.0
140.337844903	1488.61450014	0.0
140.329803523	1489.14184389	0.0
140.321594294	1489.67736635	0.0
140.313583429	1490.20239076	0.0
140.297302301	1491.26672182	0.0
140.289047296	1491.80846986	0.0
140.280960137	1492.33935365	0.0
140.272460993	1492.90063294	0.0
140.264511162	1493.42822084	0.0
140.256408746	1493.96569643	0.0
140.240051325	1495.04955873	0.0
140.231872613	1495.59802064	0.0
140.223999077	1496.12841615	0.0
140.223999077	1496.68530091	0.0
140.207565363	1497.2272931	0.0
140.19235235	1497.77941713	0.0
140.183044488	1498.84679994	0.0
140.183593806	1499.87548647	0.0
140.18327337	1501.01647768	0.0
140.183044489	1501.58312807	0.0
140.181793267	1502.63415346	0.0
140.181533868	1503.1656476	0.0
140.181289729	1503.68615541	0.0
140.181152398	1504.22033509	0.0
140.178543145	1504.76281557	0.0
140.172592219	1505.28466615	0.0
140.176666316	1506.34496888	0.0
140.178787287	1506.86657533	0.0
140.182052668	1507.36938295	0.0
140.186737116	1507.8967267	0.0
140.191848809	1508.402464	0.0
140.19738775	1508.9259015	0.0
140.208145196	1509.95092592	0.0
140.213562066	1510.47717104	0.0
140.228805597	1511.99194154	0.0
140.243927056	1513.50842103	0.0
140.253891047	1514.51452455	0.0
140.261550959	1515.28698549	0.0
140.274002131	1516.53832826	0.0
140.283813531	1517.51415834	0.0
140.293380793	1518.46471986	0.0
140.301803644	1519.29870424	0.0
140.311981256	1520.31042299	0.0
140.32189947	1521.29772767	0.0
140.327117975	1521.81603822	0.0
140.337081963	1522.80846986	0.0
140.347000176	1523.80041322	0.0
140.352081353	1524.30383119	0.0
140.357223565	1524.8128644	0.0
140.36232	1525.31542787	0.0
140.367462213	1525.82372865	0.0
140.372650202	1526.33251771	0.0
140.383041438	1527.35119448	0.0
140.393188532	1528.34814272	0.0
140.398437555	1528.86498842	0.0
140.403839167	1529.39684877	0.0
140.41941839	1530.92712221	0.0
140.42446905	1531.42895326	0.0
140.429550225	1531.93737611	0.0
140.43478399	1532.45849428	0.0
140.439849908	1532.96142397	0.0
140.445159967	1533.49023256	0.0
140.450515801	1534.02758608	0.0
140.46011358	1534.99304018	0.0
140.47106939	1536.09875307	0.0
140.47106939	1536.64770326	0.0
140.481567437	1537.15112123	0.0
140.492096001	1538.208006	0.0
140.497360284	1538.73217592	0.0
140.502716118	1539.26415834	0.0
140.508239801	1539.81225405	0.0
140.5135346	1540.33776674	0.0
140.518798883	1540.86205873	0.0
140.529846247	1541.95678529	0.0
140.540496881	1543.01782045	0.0
140.554336603	1544.39843568	0.0
140.570724543	1545.48669252	0.0
140.581573541	1546.02258119	0.0
140.583404596	1546.56847963	0.0
140.577362114	1547.12536439	0.0
140.571426447	1547.65185365	0.0
140.565689141	1548.17333802	0.0
140.554122981	1549.23132143	0.0
140.548416193	1549.74938783	0.0
140.542587335	1550.27648744	0.0
140.536651666	1550.81384096	0.0
140.530944879	1551.32201967	0.0
140.524902398	1551.85998354	0.0
140.513656671	1552.85937318	0.0
140.500625664	1554.00060853	0.0
140.49440008	1554.54162416	0.0
140.488433894	1555.0562726	0.0
140.48216253	1555.59521303	0.0
140.469574029	1556.66576967	0.0
140.45709234	1557.74145326	0.0
140.457443293	1558.26782045	0.0
140.455673272	1558.83032045	0.0
140.44259649	1559.35571107	0.0
140.407516533	1560.42651185	0.0
140.390197809	1560.9538556	0.0
140.37254339	1561.49304018	0.0
140.35591131	1562.00097474	0.0
140.343780572	1562.5283185	0.0
140.332702691	1563.03954897	0.0
140.282898003	1564.07458314	0.0
140.233337458	1565.08556948	0.0
140.208252007	1565.59972963	0.0
140.135574395	1567.08837709	0.0
140.110931451	1567.59142885	0.0
140.061569269	1568.59948549	0.0
140.013473566	1569.58471498	0.0
139.988540705	1570.09850893	0.0
139.94071966	1571.08764466	0.0
139.94071966	1572.05090151	0.0
139.855407769	1572.86071596	0.0
139.80902105	1573.82739076	0.0
139.762573296	1574.79284486	0.0
139.715652521	1575.76452455	0.0
139.669845636	1576.71179017	0.0
139.603424126	1578.0821515	0.0
139.563461358	1578.9078351	0.0
139.523330744	1579.72973451	0.0
139.46604925	1580.90344057	0.0
139.426544244	1581.67297181	0.0
139.379043634	1582.42956362	0.0
139.352859551	1583.53564271	0.0
139.339920098	1584.25597963	0.0
139.32717901	1584.95690737	0.0
139.309204156	1586.00622377	0.0
139.300445611	1586.54162416	0.0
139.287399346	1587.35033998	0.0
139.274612482	1588.15722474	0.0
139.259353694	1589.0126935	0.0
139.250213677	1589.53710756	0.0
139.239212091	1590.23559389	0.0
139.228469905	1590.91918763	0.0
139.217498834	1591.60668764	0.0
139.2068482	1592.27734193	0.0
139.193130548	1593.15270815	0.0
139.182891901	1593.81152162	0.0
139.169082696	1594.70580873	0.0
139.158813532	1595.36865053	0.0
139.145645198	1596.22021303	0.0
139.135879572	1596.84753236	0.0
139.116668757	1597.71264467	0.0
139.105361994	1598.37109194	0.0
139.116287287	1599.28368959	0.0
139.130218561	1599.95739565	0.0
139.207046564	1600.80773744	0.0
139.325088556	1601.39513978	0.0
139.452270562	1602.10204897	0.0
139.78736883	1602.6936017	0.0
139.989837701	1603.24865541	0.0
140.171905573	1603.78027162	0.0
140.455261286	1604.50781068	0.0
140.735794123	1605.05395326	0.0
141.082366998	1605.55151185	0.0
141.527679498	1606.02429017	0.0
141.939727837	1606.3531476	0.0
142.472229059	1606.78393373	0.0
142.93112188	1607.06957826	0.0
143.40554815	1607.29919252	0.0
143.929779107	1607.46301088	0.0
144.510986383	1607.59228334	0.0
145.327758845	1607.7528058	0.0
145.941284234	1607.86938295	0.0
146.787536675	1608.02453432	0.0
147.444686944	1608.15148744	0.0
148.238784844	1608.30395326	0.0
148.985565241	1608.38598451	0.0
150.004013117	1608.44177065	0.0
151.005142267	1608.49560365	0.0
151.629959162	1608.53637514	0.0
152.362045342	1608.55602846	0.0
153.092529352	1608.57067689	0.0
153.827102716	1608.58825502	0.0
154.813262994	1608.6088849	0.0
155.316604669	1608.63195619	0.0
156.055801446	1608.62365541	0.0
156.557434138	1608.61437807	0.0
157.239318903	1608.61205873	0.0
157.981338556	1608.6121808	0.0
158.533126886	1608.5797101	0.0
159.264282281	1608.4949933	0.0
160.022506768	1608.41589174	0.0
160.522811945	1608.36303529	0.0
161.271759087	1608.27892885	0.0
162.229156549	1608.176756	0.0
162.936477716	1608.12658509	0.0
163.625915582	1608.07275209	0.0
164.302688654	1608.02197084	0.0
165.209808405	1607.9547101	0.0
165.948806817	1607.90466127	0.0
166.6801148	1607.8477765	0.0
167.304458674	1607.78161439	0.0
167.815429742	1607.73119935	0.0
168.438980157	1607.68200502	0.0
169.069168146	1607.62194643	0.0
169.801895197	1607.49999818	0.0
170.423233088	1607.36608705	0.0
170.941864069	1607.25781068	0.0
171.811859186	1607.09179506	0.0
172.305282648	1606.98315248	0.0
172.797775323	1606.8568097	0.0
173.277481135	1606.71227846	0.0
174.202026421	1606.35339174	0.0
174.830825861	1606.02660951	0.0
175.392303521	1605.6434308	0.0
175.871841487	1605.18652162	0.0
176.348083551	1604.70629701	0.0
176.816223199	1604.23156557	0.0
177.272338923	1603.7606183	0.0
177.745315606	1603.29150209	0.0
178.278106744	1602.72619447	0.0
178.627288873	1602.31066713	0.0
178.969345147	1601.84448061	0.0
179.367919976	1601.17187318	0.0
179.622802788	1600.56103334	0.0
179.861770686	1599.95129213	0.0
180.116333062	1599.30212221	0.0
180.457153376	1598.45861635	0.0
180.674163873	1597.82653627	0.0
180.895309504	1596.95532045	0.0
180.966903742	1596.254881	0.0
181.016250665	1595.2906476	0.0
181.051300103	1594.56481752	0.0
181.081375177	1593.84753236	0.0
181.099441582	1593.10961732	0.0
181.152404839	1592.06384096	0.0
181.175659234	1591.48876771	0.0
181.203537043	1590.90270814	0.0
181.225601252	1590.18920716	0.0
181.242477472	1589.4661847	0.0
181.259353692	1588.73766908	0.0
181.275360162	1587.99914369	0.0
181.28573614	1587.49816713	0.0
181.28573614	1586.98827944	0.0
181.30712896	1586.4501935	0.0
181.319915826	1585.81774721	0.0
181.337463434	1584.93810853	0.0
181.347412164	1584.43151674	0.0
181.359344537	1583.79919252	0.0
181.37707525	1582.80517396	0.0
181.389404352	1582.11840638	0.0
181.403106744	1581.41247377	0.0
181.424240167	1580.29015932	0.0
181.435409602	1579.70666322	0.0
181.446365412	1579.15197572	0.0
181.478408869	1577.55883608	0.0
181.501983697	1576.49194155	0.0
181.521331841	1575.63915834	0.0
181.536026057	1574.99462709	0.0
181.550735529	1574.35217104	0.0
181.56607061	1573.69616518	0.0
181.58171087	1573.02404604	0.0
181.602172905	1572.13659486	0.0
181.613693291	1571.63635072	0.0
181.632232721	1570.82617006	0.0
181.644744928	1570.27306947	0.0
181.671340998	1569.41186342	0.0
181.681350762	1568.54882631	0.0
181.697601373	1567.28307924	0.0
181.708709771	1566.42577943	0.0
181.719253595	1565.60656557	0.0
181.729858453	1564.78576479	0.0
181.74060064	1563.96325502	0.0
181.756607111	1562.73290834	0.0
181.764648491	1562.11645326	0.0
181.772613581	1561.50634584	0.0
181.787979181	1560.88586244	0.0
181.793762262	1560.26916322	0.0
181.788024958	1559.24059877	0.0
181.783401544	1558.15807924	0.0
181.779708918	1557.33715639	0.0
181.776062068	1556.60595522	0.0
181.771041924	1555.70556459	0.0
181.766067559	1554.80639467	0.0
181.766067559	1553.90856752	0.0
181.756164607	1552.99181948	0.0
181.751083429	1552.06957826	0.0
181.74400335	1550.6915265	0.0
181.737243706	1549.30261049	0.0
181.732650812	1548.36071596	0.0
181.727981621	1547.42211732	0.0
181.71275335	1546.48620424	0.0
181.718658502	1545.60265932	0.0
181.742858943	1544.2561017	0.0
181.758331354	1543.3687726	0.0
181.780380303	1542.09802064	0.0
181.802063042	1541.15368471	0.0
181.810913141	1540.06750307	0.0
181.816787774	1539.44543275	0.0
181.82516485	1538.57531557	0.0
181.834976252	1537.520506	0.0
181.843292292	1536.66845521	0.0
181.854934748	1535.42431459	0.0
181.862350518	1534.57031069	0.0
181.872726495	1533.28503236	0.0
181.880050714	1532.40063295	0.0
181.887985285	1531.50390443	0.0
181.899169977	1530.14990053	0.0
181.907150324	1529.24780092	0.0
181.915924128	1528.31945619	0.0
181.929016168	1526.91259584	0.0
181.939910943	1525.79003724	0.0
181.947769219	1524.98449525	0.0
181.961731013	1523.55822572	0.0
181.970703181	1522.614256	0.0
181.979522759	1521.68090639	0.0
181.992691095	1520.27184877	0.0
182.001098688	1519.34338197	0.0
182.009475764	1518.39929018	0.0
182.020935114	1517.05029115	0.0
182.028717095	1516.11450014	0.0
182.03634649	1515.21899233	0.0
182.044006404	1514.33386049	0.0
182.052185113	1513.4156476	0.0
182.058563287	1512.73022279	0.0
182.06495672	1512.07726869	0.0
182.073196465	1511.23559389	0.0
182.073196465	1510.47839174	0.0
182.088378961	1509.61425599	0.0
182.099914606	1508.30212221	0.0
182.107879693	1507.45422182	0.0
182.115448052	1506.58984194	0.0
182.125488336	1505.31823549	0.0
182.133468683	1504.47118959	0.0
182.141006526	1503.60864076	0.0
182.15126043	1502.35986147	0.0
182.158432062	1501.50561342	0.0
182.165649469	1500.65307436	0.0
182.173294122	1499.76745424	0.0
182.177047784	1498.879881	0.0
182.188644464	1497.98498354	0.0
182.199691827	1496.67516908	0.0
182.207595879	1495.7104474	0.0
182.214752253	1494.82824526	0.0
182.221847589	1493.9592267	0.0
182.228714045	1493.08923158	0.0
182.235733087	1492.20361147	0.0
182.24275213	1491.3276349	0.0
182.249420221	1490.4703351	0.0
182.2562409	1489.60912904	0.0
182.26116949	1488.94116029	0.0
182.267746027	1488.09741029	0.0
182.272628838	1487.46874818	0.0
182.280944879	1486.38976869	0.0
182.285842951	1485.75756654	0.0
182.290954644	1485.12060365	0.0
182.300262505	1484.50951967	0.0
182.309967095	1483.89587221	0.0
182.298858697	1482.67724428	0.0
182.294235285	1481.90356264	0.0
182.289657648	1481.15514955	0.0
182.282150323	1479.89184389	0.0
182.277450616	1479.11633119	0.0
182.272049005	1478.31725893	0.0
182.263839776	1477.13305483	0.0
182.255050715	1475.94103822	0.0
182.249465997	1475.14025697	0.0
182.241745051	1473.94372377	0.0
182.23657232	1473.15112123	0.0
182.231857355	1472.36767396	0.0
182.225494441	1471.19701967	0.0
182.22106939	1470.41515931	0.0
182.215988215	1469.65624818	0.0
182.208221491	1468.54101381	0.0
182.202133233	1467.70959291	0.0
182.196441705	1466.94738588	0.0
182.187683161	1465.81030092	0.0
182.181839044	1465.06176576	0.0
182.166839655	1464.3165265	0.0
182.159912165	1463.21313295	0.0
182.189285332	1462.50964174	0.0
182.217544611	1461.8186017	0.0
182.258117731	1460.79577455	0.0
182.274108942	1460.13574037	0.0
182.300994929	1459.51049623	0.0
182.357132013	1458.68786439	0.0
182.487213189	1457.77209291	0.0
182.668747004	1456.71081361	0.0
182.761215264	1456.17492494	0.0
182.879821833	1455.49609194	0.0
182.997818048	1454.82714662	0.0
183.121398981	1454.13085756	0.0
183.184097346	1453.42004213	0.0
183.375289972	1452.70007142	0.0
183.566299494	1451.62194642	0.0
183.691848809	1450.91296205	0.0
183.817138728	1450.20654115	0.0
184.001266534	1449.16784486	0.0
184.123825128	1448.4748517	0.0
184.242874201	1447.80138978	0.0
184.422409113	1446.78783998	0.0
184.540176446	1446.1220685	0.0
184.657318171	1445.4592267	0.0
184.773162896	1444.80419741	0.0
184.878463799	1444.20861635	0.0
185.015716608	1443.48473939	0.0
185.120437676	1442.80981264	0.0
185.285034234	1441.77526674	0.0
185.397079523	1441.10998354	0.0
185.515274103	1440.43041811	0.0
185.61447149	1439.76806459	0.0
185.683075006	1439.09936341	0.0
185.726669365	1438.41760072	0.0
185.795028742	1437.38805971	0.0
185.840850886	1436.70385561	0.0
185.886810358	1436.0250226	0.0
185.941604669	1435.35265932	0.0
185.971878107	1434.51879701	0.0
185.992050225	1433.87560854	0.0
186.019653375	1433.06774721	0.0
186.045578058	1432.28491029	0.0
186.066177423	1431.65991029	0.0
186.097198541	1430.71691713	0.0
186.118392999	1430.05895815	0.0
186.140121515	1429.39880189	0.0
186.173873957	1428.37890443	0.0
186.196243341	1427.6722394	0.0
186.21844488	1426.97094545	0.0
186.252075251	1425.90844545	0.0
186.283218439	1425.20287905	0.0
186.295333917	1424.50573549	0.0
186.309539849	1423.4538556	0.0
186.320999201	1422.76745424	0.0
186.331817682	1422.10742006	0.0
186.350311335	1421.01696595	0.0
186.373886163	1420.33727846	0.0
186.371643122	1419.6635724	0.0
186.370880181	1418.97118959	0.0
186.37191778	1418.30212221	0.0
186.372482356	1417.78466615	0.0
186.371856745	1416.76952943	0.0
186.370178277	1415.77709779	0.0
186.369232232	1415.10485658	0.0
186.367202813	1414.40673646	0.0
186.364471491	1413.6960431	0.0
186.362594659	1412.98937806	0.0
186.361297663	1411.92931947	0.0
186.36120611	1411.2227765	0.0
186.36106878	1410.52355775	0.0
186.362197932	1409.5908185	0.0
186.364639337	1408.71056947	0.0
186.365310724	1407.99059877	0.0
186.367324883	1406.86755189	0.0
186.368576104	1406.14245423	0.0
186.368072566	1405.39892397	0.0
186.367080743	1404.27343568	0.0
186.365554865	1403.50903139	0.0
186.363693293	1402.32507143	0.0
186.362457331	1401.51769838	0.0
186.361373956	1400.29479799	0.0
186.361053521	1399.46288881	0.0
186.36082464	1398.64257631	0.0
186.360672051	1397.81176576	0.0
186.360977227	1397.01745424	0.0
186.36157232	1395.69274721	0.0
186.361114558	1394.86706362	0.0
186.360916194	1394.04577455	0.0
186.36030584	1392.80688295	0.0
186.368698175	1391.99743471	0.0
186.370269831	1391.20348939	0.0
186.341857964	1390.4147931	0.0
186.311370904	1389.81176576	0.0
186.266723688	1388.86157045	0.0
186.23960882	1388.10619936	0.0
186.207351739	1387.35986146	0.0
186.172363337	1386.78759584	0.0
186.129959162	1386.25231752	0.0
186.075546319	1385.70849428	0.0
185.974304254	1385.01598939	0.0
185.851837213	1384.34301576	0.0
185.67848211	1383.33483705	0.0
185.550033625	1382.68774232	0.0
185.396759088	1382.08056459	0.0
185.238693293	1381.48022279	0.0
185.0238648	1380.61022768	0.0
184.878555353	1380.05224428	0.0
184.725418145	1379.51891908	0.0
184.473663386	1378.74609193	0.0
184.290542658	1378.26269349	0.0
184.080780084	1377.79272279	0.0
183.964996393	1377.14599428	0.0
183.409011895	1376.72558412	0.0
183.127761896	1376.30065736	0.0
182.705795342	1375.67004213	0.0
182.286941584	1375.05541811	0.0
181.734222466	1374.22314271	0.0
181.318420466	1373.61413393	0.0
180.878753717	1373.03478822	0.0
180.497863824	1372.59387025	0.0
180.028564509	1372.12927065	0.0
179.564163263	1371.74535951	0.0
179.090576226	1371.4559308	0.0
178.616531428	1371.19921693	0.0
178.14874273	1370.94628725	0.0
177.692306574	1370.70483217	0.0
176.902435358	1370.29321107	0.0
176.253189141	1369.93346986	0.0
175.726287897	1369.71410951	0.0
174.990737969	1369.38964662	0.0
174.443695123	1369.13329897	0.0
173.686706598	1368.83813295	0.0
173.087020929	1368.69396791	0.0
172.245788628	1368.504881	0.0
171.601974541	1368.36425599	0.0
170.791702325	1368.17724428	0.0
170.130508478	1368.04919252	0.0
169.360672052	1367.98400697	0.0
168.577850398	1367.92028627	0.0
167.918609675	1367.84667787	0.0
166.916320855	1367.82226381	0.0
166.245071466	1367.80224428	0.0
165.563400323	1367.78332338	0.0
164.896575982	1367.7684308	0.0
164.007019097	1367.75768861	0.0
163.125473078	1367.74084291	0.0
162.594787652	1367.72900209	0.0
161.985382136	1367.70995912	0.0
161.307952936	1367.72619447	0.0
160.619354302	1367.73278627	0.0
159.93124395	1367.74084291	0.0
159.242691094	1367.74450502	0.0
158.547027643	1367.75060853	0.0
157.615387018	1367.75866518	0.0
156.931213434	1367.76525697	0.0
155.984771784	1367.77380189	0.0
155.263885553	1367.78295717	0.0
154.728805598	1367.7963849	0.0
154.224884089	1367.77721987	0.0
153.705276545	1367.76110658	0.0
153.172637994	1367.74792299	0.0
152.371078546	1367.7248517	0.0
151.844162042	1367.7092267	0.0
151.324905451	1367.69274721	0.0
150.543441829	1367.68029604	0.0
150.035141045	1367.66979799	0.0
149.521331842	1367.64416322	0.0
148.764389094	1367.54357729	0.0
148.239456232	1367.46972475	0.0
147.697738703	1367.40966615	0.0
147.177856499	1367.32702455	0.0
146.365768487	1367.19006166	0.0
145.701995904	1367.05908021	0.0
145.180481013	1366.91601381	0.0
144.636169489	1366.75427064	0.0
144.083297783	1366.59936341	0.0
143.273651178	1366.33105287	0.0
142.749908503	1366.11706361	0.0
142.228271538	1365.86852846	0.0
141.700363213	1365.61425599	0.0
141.1672669	1365.35937318	0.0
140.636917169	1365.10497865	0.0
139.837539728	1364.7260724	0.0
139.309097345	1364.47851381	0.0
138.523788507	1364.05517397	0.0
137.995651301	1363.78295716	0.0
137.506393488	1363.53637514	0.0
136.975555474	1363.24242982	0.0
136.457183893	1362.92883119	0.0
135.968673761	1362.6533185	0.0
135.51808172	1362.37939271	0.0
135.076278741	1362.09045228	0.0
134.478469904	1361.65295229	0.0
133.795776421	1361.0295392	0.0
133.32000738	1360.59582338	0.0
132.749069268	1360.03637514	0.0
132.361221367	1359.65759095	0.0
131.924667413	1359.17822084	0.0
131.56268316	1358.67638979	0.0
131.325393731	1358.19799623	0.0
131.10691839	1357.70568666	0.0
130.889480647	1357.21179018	0.0
130.633819635	1356.61901674	0.0
130.327194269	1355.89196596	0.0
130.081253107	1355.308714	0.0
129.729324395	1354.51049623	0.0
129.465133721	1353.89318666	0.0
129.171218927	1353.07397279	0.0
129.013992365	1352.48046693	0.0
128.938140923	1351.84423647	0.0
128.922409113	1351.23522767	0.0
128.907806451	1350.39306459	0.0
128.880813654	1349.75842103	0.0
128.849380549	1348.89123354	0.0
128.824279841	1348.23339662	0.0
128.801422173	1347.35290345	0.0
128.73860174	1346.68078432	0.0
128.687561089	1346.00475892	0.0
128.632415826	1345.31786928	0.0
128.561721856	1344.43627748	0.0
128.528976496	1343.93188295	0.0
128.438797052	1342.96496401	0.0
128.375976617	1342.24804506	0.0
128.296600396	1341.16906557	0.0
128.222168024	1340.47143373	0.0
128.018875176	1339.41552552	0.0
127.914657648	1338.82263002	0.0
127.745552118	1337.89208803	0.0
127.619270381	1337.20739565	0.0
127.452385004	1336.29870424	0.0
127.330856379	1335.63537416	0.0
127.173629816	1334.77978334	0.0
127.05525976	1334.14660463	0.0
126.906135615	1333.27844057	0.0
126.833053644	1332.62475404	0.0
126.551918084	1331.70580873	0.0
126.432121331	1331.21752748	0.0
126.305275018	1330.70544252	0.0
126.104614313	1329.91442689	0.0
125.897926386	1329.10668764	0.0
125.735618646	1328.47057924	0.0
125.506248529	1327.55712709	0.0
125.333206231	1326.93786439	0.0
125.151222283	1326.29040346	0.0
125.057563836	1325.63036928	0.0
124.77337652	1324.95629701	0.0
124.629348811	1324.41772279	0.0
124.328407343	1323.38732729	0.0
124.161369379	1322.85326967	0.0
123.985130364	1322.2984601	0.0
123.755668695	1321.55053529	0.0
123.583793695	1320.99242982	0.0
123.387497003	1320.41198549	0.0
123.13071447	1319.65893373	0.0
122.854744012	1318.85021791	0.0
122.585769708	1318.06701478	0.0
122.338287408	1317.31603822	0.0
121.994033868	1316.33434877	0.0
121.738418635	1315.67809877	0.0
121.42457586	1314.87585268	0.0
121.094398553	1314.03600893	0.0
120.592498834	1312.7897931	0.0
120.241317803	1311.93566713	0.0
119.891288812	1311.09094057	0.0
119.354812678	1309.7873517	0.0
118.994926508	1308.91857729	0.0
118.636222894	1308.04296693	0.0
118.459068353	1306.70947084	0.0
117.887390192	1306.2672101	0.0
117.494186457	1305.37536439	0.0
117.291206415	1304.91699037	0.0
116.683166558	1303.54101381	0.0
116.295082146	1302.66088686	0.0
115.847732599	1301.64513979	0.0
115.648071344	1301.17272768	0.0
115.229476984	1300.23974428	0.0
115.012855584	1299.76977358	0.0
114.569297845	1298.81310854	0.0
114.352401788	1298.34472474	0.0
114.121002251	1297.84545717	0.0
113.673889215	1296.8811017	0.0
113.441818293	1296.3811017	0.0
112.985130365	1295.39733705	0.0
112.76239782	1294.91699037	0.0
112.519851739	1294.3946515	0.0
112.059486444	1293.4033185	0.0
111.817581231	1292.88244447	0.0
111.353202874	1291.85827455	0.0
111.101471002	1291.31896791	0.0
110.861152703	1290.82946596	0.0
110.6201325	1290.3408185	0.0
110.359169061	1289.81274232	0.0
109.855369623	1288.79333314	0.0
109.584754999	1288.24548158	0.0
109.195236261	1287.45776185	0.0
108.572670038	1286.17956361	0.0
108.148605402	1285.31335267	0.0
107.867050225	1284.78112611	0.0
107.595146235	1284.27111635	0.0
107.313232477	1283.7437726	0.0
106.761550959	1282.70873842	0.0
106.490333611	1282.18639955	0.0
106.230461176	1281.69958314	0.0
105.940551812	1281.1746808	0.0
105.663971003	1280.67492494	0.0
105.39672857	1280.19238099	0.0
105.39672857	1279.18176088	0.0
104.837394769	1279.18176088	0.0
104.57327276	1278.70434389	0.0
104.29466253	1278.20104799	0.0
104.016510064	1277.69824037	0.0
103.750343378	1277.21752748	0.0
103.477859551	1276.72497377	0.0
102.936218316	1275.75097475	0.0
102.663131769	1275.26489076	0.0
102.394187981	1274.76952943	0.0
102.128120477	1274.27978334	0.0
101.863670403	1273.7918683	0.0
101.598297175	1273.30151186	0.0
101.083625848	1272.35241518	0.0
100.828285272	1271.88195619	0.0
100.573463495	1271.41210756	0.0
100.312614495	1270.93017397	0.0
100.060287531	1270.46423158	0.0
99.5732575009	1269.56542787	0.0
99.0822144101	1268.65893373	0.0
98.534011896	1267.64526185	0.0
98.2866592947	1267.18835268	0.0
98.0382385793	1266.7281476	0.0
97.7916260323	1266.27123842	0.0
97.2903976997	1265.34472475	0.0
96.7950134824	1264.42870912	0.0
96.5464096628	1263.96899232	0.0
96.2922211239	1263.50012025	0.0
96.0502091013	1263.05395326	0.0
95.5528030944	1262.14062318	0.0
95.3074799132	1261.70409975	0.0
95.0585938054	1261.25561341	0.0
94.8242111753	1260.80602846	0.0
94.5955353343	1260.36108217	0.0
94.1393662055	1259.47375306	0.0
93.9104004461	1259.02795228	0.0
93.4505997247	1258.15026674	0.0
93.01746374	1257.28906068	0.0
92.5883484445	1256.41479311	0.0
92.0453186582	1255.31152162	0.0
91.7839432303	1254.7248517	0.0
91.2864227844	1253.57702455	0.0
90.9264145449	1252.74755678	0.0
90.5650711607	1251.91479311	0.0
90.0262604303	1250.67114076	0.0
89.6641846245	1249.83520326	0.0
89.2983856752	1248.98998842	0.0
88.7457275942	1247.70666322	0.0
88.3705826355	1246.84106264	0.0
87.9835815977	1245.97253236	0.0
87.3981247499	1244.65991029	0.0
87.0003052299	1243.76879701	0.0
86.590782221	1242.85180482	0.0
85.9796143131	1241.45739565	0.0
85.5967636657	1240.61498842	0.0
85.140876826	1239.65038881	0.0
84.9267273491	1239.19628725	0.0
84.5215302054	1238.30920229	0.0
84.1024857127	1237.43176088	0.0
83.534866387	1236.33508119	0.0
83.0123520443	1235.30651674	0.0
82.4491272518	1234.26574525	0.0
82.125412042	1233.68066224	0.0
81.7918549125	1233.07812318	0.0
81.4689255304	1232.4949933	0.0
81.1370163507	1231.89660463	0.0
80.8149109432	1231.31493959	0.0
80.4706879211	1230.69372377	0.0
80.1442337593	1230.09911928	0.0
79.8113022411	1229.49242982	0.0
79.4766693661	1228.90185366	0.0
79.1319275462	1228.29199037	0.0
78.4522247864	1227.08898744	0.0
78.2016144359	1226.64611635	0.0
77.684814508	1225.73242006	0.0
76.8511581966	1224.26867494	0.0
76.4060669498	1223.48779115	0.0
75.9506302438	1222.68920717	0.0
75.2576447078	1221.47302065	0.0
75.0072708682	1221.03271303	0.0
74.5398407522	1220.2104474	0.0
74.0617142281	1219.36645326	0.0
74.0617142281	1218.49621401	0.0
73.3242798392	1218.06469545	0.0
73.0740128114	1217.62389955	0.0
72.5753555854	1216.7437726	0.0
72.3232575002	1216.29809389	0.0
71.8239212591	1215.41222963	0.0
71.5655899593	1214.96276674	0.0
71.3091507507	1214.50341615	0.0
71.061248835	1214.0661603	0.0
70.8091507512	1213.6199933	0.0
70.0495529718	1212.27477846	0.0
69.7505188535	1211.74670228	0.0
69.2206574037	1210.8062726	0.0
68.8106842583	1210.089964	0.0
68.2585907543	1209.11718568	0.0
67.8628082825	1208.41979799	0.0
67.5756149843	1207.92394838	0.0
67.1674423759	1207.21142396	0.0
66.2340698795	1205.51562318	0.0
65.6958313541	1204.53552065	0.0
65.2935715262	1203.80200014	0.0
65.033012446	1203.32653627	0.0
64.507003839	1202.36608705	0.0
64.2465515691	1201.89050111	0.0
63.979835566	1201.40307435	0.0
63.7198982791	1200.9279767	0.0
63.461677606	1200.45617494	0.0
63.2000198914	1199.97802553	0.0
63.2000198914	1199.0295392	0.0
62.6808968143	1199.0295392	0.0
62.4272614067	1198.56640443	0.0
62.1751061038	1198.10595521	0.0
61.9089127144	1197.61962709	0.0
61.6592484079	1197.1635724	0.0
61.6592484079	1196.26598939	0.0
61.1679726187	1195.25658998	0.0
60.3486710148	1194.76684389	0.0
60.090660151	1194.29479799	0.0
59.833442744	1193.82372865	0.0
59.5679894051	1193.33679018	0.0
59.0541229799	1192.39452943	0.0
58.7891808111	1191.90978822	0.0
58.5293121886	1191.43432436	0.0
58.2469864434	1190.91784486	0.0
57.9980316723	1190.4625226	0.0
57.735977227	1189.98351869	0.0
57.735977227	1189.00671205	0.0
57.2014236996	1189.00671205	0.0
56.6707039435	1188.03771791	0.0
56.4100037176	1187.56237611	0.0
56.1419258658	1187.07299623	0.0
55.6082153867	1186.09826479	0.0
55.339096124	1185.60680971	0.0
55.0781479426	1185.13049135	0.0
54.8088951652	1184.63879213	0.0
54.5435448241	1184.15417299	0.0
54.2824173534	1183.67748842	0.0
53.7566567017	1182.71728334	0.0
53.4994087763	1182.23815736	0.0
53.2534370976	1181.77660951	0.0
52.9851265505	1181.29919252	0.0
52.7154846741	1180.82360658	0.0
51.9570351204	1179.49096498	0.0
51.4285049992	1178.56310853	0.0
51.0852852408	1177.96191224	0.0
50.7151070185	1177.31396303	0.0
50.1965370729	1176.40649232	0.0
49.9445648745	1175.96618471	0.0
49.6841812681	1175.51098451	0.0
49.4289398735	1175.06481752	0.0
49.1700935903	1174.61169252	0.0
48.9137383056	1174.16320619	0.0
48.4050064643	1173.27319154	0.0
48.1539841259	1172.833006	0.0
47.8968582707	1172.38171205	0.0
47.4023972097	1171.51476869	0.0
47.1458206736	1171.06445131	0.0
46.6312332713	1170.15978822	0.0
46.1364594048	1169.29052553	0.0
45.882339533	1168.84387025	0.0
45.6253395625	1168.395506	0.0
45.1385498607	1167.5406476	0.0
44.8901024426	1167.09362611	0.0
44.6439400258	1166.65026674	0.0
44.1673431956	1165.79272279	0.0
43.6908150276	1164.93591127	0.0
43.2417030895	1164.12792787	0.0
42.7263222288	1163.20043764	0.0
42.2555199223	1162.35339173	0.0
41.7720184877	1161.48339662	0.0
41.2954865061	1160.62634096	0.0
41.0490952088	1160.18346987	0.0
40.5802879884	1159.34130678	0.0
40.0874634343	1158.45690736	0.0
39.7151299067	1157.78393373	0.0
39.3654976437	1157.14135561	0.0
38.8719025199	1156.29138002	0.0
38.628093775	1155.20214662	0.0
37.8752365668	1154.56542787	0.0
37.2659416748	1153.51013002	0.0
36.9094772895	1152.89306459	0.0
36.5411453797	1152.25475892	0.0
35.8142586307	1151.00109682	0.0
35.0273018424	1149.62841615	0.0
34.7546158379	1149.14977846	0.0
34.4116249633	1148.55077943	0.0
33.9593811591	1147.7528058	0.0
33.5022392815	1146.94164858	0.0
33.0379715522	1146.12646302	0.0
32.5826187678	1145.31786928	0.0
31.9211998531	1144.13281068	0.0
31.4761257712	1143.34094056	0.0
31.0301323496	1142.54809389	0.0
30.3807335456	1141.38830385	0.0
29.9371471966	1140.59826479	0.0
29.5103550505	1139.83923158	0.0
28.8524952494	1138.66955385	0.0
28.4277439672	1137.91613588	0.0
27.9916096276	1137.1434308	0.0
27.3514271331	1136.0139142	0.0
26.9091358742	1135.23473939	0.0
26.5263405385	1134.56213197	0.0
26.0953865594	1133.80468568	0.0
25.6764259892	1133.06750307	0.0
25.2726097666	1132.35607728	0.0
24.7167320793	1131.37304506	0.0
24.3774128512	1130.77099428	0.0
24.061418588	1130.20983705	0.0
23.6006107889	1129.39526185	0.0
23.3062477657	1128.8765851	0.0
23.0243244711	1128.38000307	0.0
22.6405449457	1127.69921693	0.0
22.4058437903	1127.08691225	0.0
21.9096813748	1126.41296205	0.0
21.6247501928	1125.91345033	0.0
21.354030664	1125.44018373	0.0
