199.924255426	1853.37182435	0.0
199.966232355	1852.87206849	0.0
200.01013189	1852.35009584	0.0
200.056579646	1851.79199037	0.0
200.101028497	1851.25341615	0.0
200.134719904	1850.75353822	0.0
200.191925105	1850.17870912	0.0
200.218444878	1849.57580384	0.0
200.256195122	1848.8543683	0.0
200.286743218	1848.24694643	0.0
200.313598687	1847.70055971	0.0
200.340942438	1847.14147767	0.0
200.375488337	1846.43163881	0.0
200.402145441	1845.8843976	0.0
200.442718561	1845.04919252	0.0
200.468627985	1844.51415834	0.0
200.515518243	1843.54247865	0.0
200.544982965	1842.93176088	0.0
200.58499151	1842.10119447	0.0
200.625000054	1841.46191225	0.0
200.634735161	1840.62060365	0.0
200.651458795	1840.06213197	0.0
200.667358453	1839.52258119	0.0
200.685623224	1838.86401185	0.0
200.700195367	1838.32897767	0.0
200.721252497	1837.56042299	0.0
200.742477473	1836.90539369	0.0
200.743881282	1835.98010072	0.0
200.729553278	1835.29211244	0.0
200.725250299	1834.78991518	0.0
200.71932989	1834.22533998	0.0
200.711593682	1833.64233217	0.0
200.69839483	1832.66198549	0.0
200.690399225	1832.07092104	0.0
200.68190008	1831.44640931	0.0
200.67257696	1830.75427064	0.0
200.665908868	1830.24914369	0.0
200.652374324	1829.22204408	0.0
200.64561468	1828.70788393	0.0
200.635604912	1827.94958314	0.0
200.635604912	1827.43066225	0.0
200.62040716	1826.79345522	0.0
200.61386114	1825.9291974	0.0
200.602417048	1825.42895326	0.0
200.594131524	1824.81152162	0.0
200.584457452	1824.08532533	0.0
200.571792657	1823.13305482	0.0
200.564010674	1822.55908021	0.0
200.557067926	1822.05236635	0.0
200.545089776	1821.17077455	0.0
200.537994439	1820.64977845	0.0
200.525451715	1820.13537416	0.0
200.531601008	1819.28625307	0.0
200.536972101	1818.4793683	0.0
200.531448419	1817.92077455	0.0
200.553802545	1817.3408185	0.0
200.587295587	1816.47595033	0.0
200.60691839	1815.89758119	0.0
200.646682794	1814.73657045	0.0
200.669052178	1814.13622865	0.0
200.696609553	1813.19408998	0.0
200.696121271	1812.6076642	0.0
200.703796441	1811.80102357	0.0
200.714294488	1810.87475404	0.0
200.722000177	1810.10339174	0.0
200.727829035	1809.49572572	0.0
200.727829035	1808.90258608	0.0
200.740051324	1808.20568666	0.0
200.746017511	1807.57250795	0.0
200.753616388	1806.76269349	0.0
200.760543878	1806.01171693	0.0
200.765411431	1805.47753725	0.0
200.775268609	1804.3946515	0.0
200.780059869	1803.86401185	0.0
200.786743219	1803.11779603	0.0
200.795303401	1802.1602765	0.0
200.800231989	1801.6031476	0.0
200.807296808	1800.8074933	0.0
200.814041192	1800.04247865	0.0
200.821502741	1799.19128236	0.0
200.828964289	1798.34399232	0.0
200.836547906	1797.49963197	0.0
200.847824152	1796.15820131	0.0
200.853241021	1795.51318178	0.0
200.864257868	1794.23681459	0.0
200.875076349	1793.01379213	0.0
200.881332452	1792.30468568	0.0
200.887893731	1791.57995424	0.0
200.897171075	1790.60619936	0.0
200.902175958	1790.08495912	0.0
200.909439143	1789.32324037	0.0
200.916275079	1788.6022931	0.0
200.925628716	1787.61169252	0.0
200.933090266	1786.82128724	0.0
200.940506036	1786.03381166	0.0
200.948089656	1785.22741517	0.0
200.948089656	1784.48095521	0.0
200.960205133	1783.94042787	0.0
200.967834528	1783.13000307	0.0
200.977935845	1782.05737123	0.0
200.987808283	1780.99633607	0.0
200.993118341	1780.42577943	0.0
201.000259455	1779.65319643	0.0
201.012847955	1778.28710756	0.0
201.017562921	1777.77013978	0.0
201.022659356	1777.20995912	0.0
201.027771051	1776.65368471	0.0
201.03572088	1775.78356752	0.0
201.041122492	1775.19116029	0.0
201.048828181	1774.34252748	0.0
201.054245049	1773.74279603	0.0
201.06471258	1772.58239564	0.0
201.075408991	1771.38879213	0.0
201.075408991	1770.80676088	0.0
201.086166436	1770.18835268	0.0
201.091568047	1769.57934389	0.0
201.108230647	1767.71618471	0.0
201.11082464	1766.52734193	0.0
201.124572808	1765.91320619	0.0
201.130188044	1765.29809389	0.0
201.145080622	1763.68652162	0.0
201.163772639	1761.67638978	0.0
201.176376398	1760.30761537	0.0
201.188674982	1758.94994935	0.0
201.194290216	1758.32446107	0.0
201.200256403	1757.64452943	0.0
201.205368097	1757.05932435	0.0
201.211685235	1756.33532533	0.0
201.217498835	1755.6644269	0.0
201.229126031	1754.31957826	0.0
201.235519463	1753.57995424	0.0
201.247207696	1752.25060853	0.0
201.253112848	1751.57482728	0.0
201.271530207	1749.48681459	0.0
201.283859308	1748.07043275	0.0
201.290283257	1747.3321515	0.0
201.29971319	1746.24084291	0.0
201.308578546	1745.20983705	0.0
201.3207398	1743.79223451	0.0
201.335205132	1742.10375795	0.0
201.351532036	1740.19372377	0.0
201.361618096	1739.01586732	0.0
201.367630059	1738.31225404	0.0
201.380264337	1736.83007631	0.0
201.386505182	1736.09887514	0.0
201.399124201	1734.61620912	0.0
201.405502375	1733.86706361	0.0
201.414901787	1732.75878725	0.0
201.424606379	1731.60876283	0.0
201.446456964	1728.99194154	0.0
201.455993707	1727.84130678	0.0
201.462265069	1727.08227358	0.0
201.474777277	1725.57116517	0.0
201.484481866	1724.40221986	0.0
201.494201715	1723.23950014	0.0
201.500854548	1722.44494447	0.0
201.510513361	1721.29553041	0.0
201.532516534	1718.67077455	0.0
201.538711603	1717.92626771	0.0
201.545135554	1717.15148744	0.0
201.55183416	1716.33788881	0.0
201.558822686	1715.48608217	0.0
201.564392145	1714.80334291	0.0
201.578064019	1713.13293275	0.0
201.578064019	1712.42687806	0.0
201.590683038	1711.58886537	0.0
201.597442681	1710.76220522	0.0
201.597442681	1710.07580385	0.0
201.619674737	1708.04345521	0.0
201.628662164	1706.94946107	0.0
201.635208185	1706.1602765	0.0
201.648071344	1704.60717592	0.0
201.654419	1703.84069643	0.0
201.667297418	1702.29223451	0.0
201.673431452	1701.54516419	0.0
201.686172541	1699.98827943	0.0
201.692169245	1699.25414857	0.0
201.713638362	1696.61889467	0.0
201.71919256	1695.94677553	0.0
201.731857354	1694.41784486	0.0
201.738449151	1693.6257306	0.0
201.744506891	1692.89770326	0.0
201.754364068	1691.71093568	0.0
201.763580376	1690.59313783	0.0
201.775192316	1689.17931947	0.0
201.781875666	1688.36730775	0.0
201.793701227	1686.92846498	0.0
201.793701227	1686.0854474	0.0
201.809463555	1685.01611146	0.0
201.818954524	1683.86816224	0.0
201.82995611	1682.53991517	0.0
201.837158259	1681.66955385	0.0
201.849197443	1680.214964	0.0
201.861511286	1678.72192201	0.0
201.86672979	1678.09045228	0.0
201.884140069	1675.97021303	0.0
201.90516668	1673.68920717	0.0
201.914001519	1672.94567689	0.0
201.913681085	1672.18554506	0.0
201.913604791	1671.56835755	0.0
201.913467461	1670.75292787	0.0
201.91323858	1670.02001772	0.0
201.912765558	1668.56042299	0.0
201.912551934	1667.78783998	0.0
201.912384089	1667.06005678	0.0
201.912216242	1666.38220033	0.0
201.912033136	1665.61279115	0.0
201.911880548	1664.86144838	0.0
201.911529597	1663.40221986	0.0
201.911224419	1661.98901185	0.0
201.911056574	1661.20483217	0.0
201.910812434	1659.83068666	0.0
201.910629328	1658.68224916	0.0
201.910476739	1657.65014467	0.0
201.910339411	1656.87475404	0.0
201.910308892	1654.79955873	0.0
201.909927423	1653.74914369	0.0
201.909774835	1652.57092103	0.0
201.909774835	1651.9390851	0.0
201.909683283	1651.1915265	0.0
201.909637506	1650.46789369	0.0
201.909561211	1648.30724916	0.0
201.908767756	1647.62231263	0.0
201.907150324	1646.51586733	0.0
201.907150324	1645.78698549	0.0
201.907333429	1644.73864564	0.0
201.906097467	1643.64697084	0.0
201.906601007	1642.63342104	0.0
201.907150324	1641.57116518	0.0
201.9071961	1640.94189271	0.0
201.907012994	1640.11450014	0.0
201.906417902	1638.82031068	0.0
201.906021173	1638.02343568	0.0
201.905654963	1637.31249818	0.0
201.90530401	1636.66992006	0.0
201.904937799	1635.96642885	0.0
201.903961236	1633.80712709	0.0
201.903747613	1633.15929994	0.0
201.903518731	1632.11901674	0.0
201.90341192	1631.39745912	0.0
201.90327459	1630.03771791	0.0
201.903137263	1629.06579408	0.0
201.902862604	1628.01745423	0.0
201.902404839	1626.97692689	0.0
201.901931817	1625.98473939	0.0
201.90089422	1624.29040346	0.0
201.900039727	1622.92187318	0.0
201.899566706	1622.22204408	0.0
201.898651179	1620.88122377	0.0
201.897720392	1619.49413881	0.0
201.897369441	1618.79931459	0.0
201.89697271	1617.43981752	0.0
201.896804864	1616.70690736	0.0
201.89662176	1615.25597963	0.0
201.895904597	1613.13744935	0.0
201.895278986	1611.85009584	0.0
201.894989069	1611.16711244	0.0
201.894775445	1610.54235658	0.0
201.894546565	1609.52563295	0.0
201.894439752	1608.49035463	0.0
201.894439752	1607.53137025	0.0
201.894180353	1606.57690248	0.0
201.893875177	1605.91381654	0.0
201.893249567	1604.59069642	0.0
201.892364557	1602.5554181	0.0
201.892242486	1601.90722475	0.0
201.892059381	1601.26415834	0.0
201.891799981	1600.60265932	0.0
201.891799981	1599.91711244	0.0
201.884491021	1599.26305971	0.0
201.901428277	1597.92614564	0.0
201.919113213	1596.63842592	0.0
201.923645074	1595.15698061	0.0
201.96441656	1593.51757631	0.0
201.983535822	1592.17248353	0.0
202.002426202	1590.90051088	0.0
202.011398369	1590.29369936	0.0
202.02159124	1589.60497865	0.0
202.035919244	1588.63207826	0.0
202.045379694	1587.98449525	0.0
202.05438238	1587.38049135	0.0
202.064575251	1586.69787416	0.0
202.073303277	1586.10839662	0.0
202.092193659	1584.8107892	0.0
202.100784356	1584.20397768	0.0
202.109970148	1583.54784975	0.0
202.119018611	1582.90160951	0.0
202.128082331	1582.27404603	0.0
202.137863215	1581.60778627	0.0
202.152099665	1580.64745912	0.0
202.164962822	1579.7528058	0.0
202.173614558	1579.13366518	0.0
202.182205254	1578.52905092	0.0
202.216751153	1576.09631166	0.0
202.225585991	1575.47375307	0.0
202.233490045	1574.93444642	0.0
202.253250177	1573.62170229	0.0
202.28181463	1571.75134096	0.0
202.299957331	1570.53161439	0.0
202.31018072	1569.84008608	0.0
202.328552302	1568.6882306	0.0
202.342376765	1567.7371808	0.0
202.346771295	1566.83740053	0.0
202.349792534	1566.2026349	0.0
202.356033381	1564.9760724	0.0
202.359359795	1564.38366517	0.0
202.365890558	1563.17150698	0.0
202.369171198	1562.57140932	0.0
202.372909601	1561.93005189	0.0
202.372909601	1561.40197572	0.0
202.388565118	1559.27783021	0.0
202.391906793	1558.72888002	0.0
202.395416315	1558.15344056	0.0
202.400711115	1557.25463685	0.0
202.404617365	1556.53552064	0.0
202.413665826	1554.79675112	0.0
202.4197846	1553.63061342	0.0
202.424163872	1552.74743471	0.0
202.429306084	1551.82385072	0.0
202.434478816	1550.9760724	0.0
202.439682062	1550.10986147	0.0
202.444931085	1549.24426088	0.0
202.450408991	1548.35656557	0.0
202.458068903	1546.92358217	0.0
202.461364802	1546.30737123	0.0
202.46452337	1545.72241029	0.0
202.467697198	1545.12170228	0.0
202.470565852	1544.58080873	0.0
202.477951104	1543.28112612	0.0
202.488037164	1541.45178041	0.0
202.495941216	1540.0595685	0.0
202.499343928	1539.47302064	0.0
202.505432183	1538.34313783	0.0
202.508575493	1537.79931459	0.0
202.517089898	1536.91296205	0.0
202.520004327	1535.692381	0.0
202.521438653	1534.6101056	0.0
202.522293146	1534.06616029	0.0
202.52325445	1533.46557435	0.0
202.524063164	1532.42358217	0.0
202.524520929	1531.82079897	0.0
202.525177056	1531.24780092	0.0
202.526916558	1530.14611634	0.0
202.527786311	1529.6121808	0.0
202.527786311	1528.48290834	0.0
202.531158503	1527.9481183	0.0
202.532638605	1527.1265851	0.0
202.534576471	1525.82360658	0.0
202.536895807	1524.45800599	0.0
202.538848932	1523.35009584	0.0
202.539733941	1522.78845033	0.0
202.540191706	1521.64037904	0.0
202.540222224	1521.11730775	0.0
202.540969904	1520.29736146	0.0
202.541748103	1519.74157533	0.0
202.542694147	1518.6356183	0.0
202.543609675	1517.80138978	0.0
202.546539361	1516.66345033	0.0
202.548858696	1515.81298647	0.0
202.55146795	1514.74218568	0.0
202.553268487	1513.68176088	0.0
202.553848323	1513.08300599	0.0
202.555191095	1511.53051576	0.0
202.557067927	1509.83068666	0.0
202.557952937	1509.04479799	0.0
202.559051569	1508.18420228	0.0
202.560119683	1507.11950502	0.0
202.560745295	1506.30944643	0.0
202.561447199	1505.49255189	0.0
202.561721857	1504.96105775	0.0
202.561889703	1503.85302553	0.0
202.562393243	1503.30444154	0.0
202.563247735	1502.19616518	0.0
202.563812311	1501.64416323	0.0
202.564514216	1501.13012514	0.0
202.565429743	1500.56127748	0.0
202.566330012	1500.01708803	0.0
202.567413385	1499.48608217	0.0
202.569885309	1498.41210756	0.0
202.571075494	1497.87389955	0.0
202.572723443	1497.08263978	0.0
202.574783381	1495.71728334	0.0
202.575866753	1494.69555482	0.0
202.576446587	1494.12389955	0.0
202.576995904	1493.06115541	0.0
202.577453669	1491.99462709	0.0
202.578033502	1491.17577943	0.0
202.57868963	1490.38488588	0.0
202.579788262	1489.58508119	0.0
202.581146295	1488.77905092	0.0
202.583541924	1487.40075502	0.0
202.584426935	1486.89355287	0.0
202.585418756	1486.3909894	0.0
202.587432917	1485.36022767	0.0
202.588607843	1484.78503236	0.0
202.588607843	1483.80615053	0.0
202.590896662	1483.23754701	0.0
202.595932062	1482.24511537	0.0
202.60099798	1480.77367982	0.0
202.60401922	1479.78759584	0.0
202.606567437	1478.32324037	0.0
202.607330378	1477.30114564	0.0
202.607513482	1476.77929506	0.0
202.607132012	1476.25756654	0.0
202.606216485	1474.7047101	0.0
202.606201227	1473.71899232	0.0
202.606018122	1472.73827943	0.0
202.606582697	1472.21984682	0.0
202.607559259	1471.16943178	0.0
202.610672053	1470.09216127	0.0
202.611801202	1469.32372865	0.0
202.604064997	1468.53442201	0.0
202.592498835	1467.11840639	0.0
202.584442194	1466.05224428	0.0
202.580352838	1465.51940736	0.0
202.568054254	1463.96996889	0.0
202.559845025	1462.94677553	0.0
202.555755669	1462.44335756	0.0
202.551300105	1461.88671693	0.0
202.538833673	1460.30822572	0.0
202.533187922	1459.58776674	0.0
202.527175958	1458.81542787	0.0
202.523178156	1458.29650697	0.0
202.519149836	1457.78149232	0.0
202.515045221	1457.24792299	0.0
202.509048517	1456.48303041	0.0
202.502807671	1455.69250307	0.0
202.492446954	1454.38976869	0.0
202.47865301	1452.68224916	0.0
202.470413264	1451.69763002	0.0
202.459198053	1450.39721498	0.0
202.452392632	1449.64660463	0.0
202.447570856	1449.12719545	0.0
202.442459161	1448.59679994	0.0
202.438186701	1447.56542787	0.0
202.424774225	1446.60827455	0.0
202.429351862	1446.0295392	0.0
202.433151301	1445.4916974	0.0
202.439163264	1444.51916322	0.0
202.442398127	1444.0052472	0.0
202.447311456	1443.25781068	0.0
202.447311456	1442.75146302	0.0
202.457092339	1441.77746401	0.0
202.460388239	1440.78368959	0.0
202.471008355	1439.76598939	0.0
202.4802857	1438.2762433	0.0
202.4875794	1437.33434877	0.0
202.503997858	1436.38268861	0.0
202.521163996	1435.32617006	0.0
202.532791192	1434.59789857	0.0
202.544189508	1433.88281068	0.0
202.559783991	1432.91039857	0.0
202.574203546	1432.01501283	0.0
202.590667779	1430.99352845	0.0
202.6105805	1429.75817689	0.0
202.621215875	1429.09679994	0.0
202.629440362	1428.58630189	0.0
202.644256646	1427.67370424	0.0
202.652359063	1427.1701642	0.0
202.667495782	1426.23156557	0.0
202.693161065	1424.64123354	0.0
202.704315239	1423.94116029	0.0
202.715560968	1423.23547182	0.0
202.723922785	1422.70934877	0.0
202.751236017	1420.97241029	0.0
202.767273003	1419.94860658	0.0
202.775100762	1419.4468976	0.0
202.787689263	1418.64489565	0.0
202.802230889	1417.71740541	0.0
202.810134944	1417.21508608	0.0
202.818084771	1416.70861635	0.0
202.829696709	1415.96398744	0.0
202.841384943	1415.21313295	0.0
202.853698786	1414.42053041	0.0
202.865005547	1413.68517885	0.0
202.877075249	1412.89526185	0.0
202.901168879	1410.92101869	0.0
202.934555109	1409.99157533	0.0
202.978103694	1409.25781068	0.0
203.023483332	1408.69250307	0.0
203.187683161	1407.27282533	0.0
203.357757622	1406.30358705	0.0
203.484146172	1405.58251771	0.0
203.604614314	1404.89062318	0.0
203.730957087	1404.1647931	0.0
203.859085138	1403.43115053	0.0
203.942962701	1402.72851381	0.0
204.189697322	1401.54321107	0.0
204.354187067	1400.60388002	0.0
204.474288996	1399.91796693	0.0
204.598831232	1399.20654115	0.0
204.847259576	1397.7873517	0.0
204.935318049	1397.28429994	0.0
205.05461126	1396.60302553	0.0
205.220626886	1395.70104799	0.0
205.430831965	1394.33581361	0.0
205.529586848	1393.40160951	0.0
205.580230768	1392.55676088	0.0
205.788482721	1391.16930971	0.0
205.875381525	1390.43639955	0.0
205.953002984	1389.81262026	0.0
206.040100152	1388.88976869	0.0
206.109649713	1387.99938783	0.0
206.187927301	1387.07140932	0.0
206.266357477	1386.23254213	0.0
206.342132623	1385.23852357	0.0
206.360748346	1384.6446515	0.0
206.386154229	1384.02075014	0.0
206.45292669	1382.71752748	0.0
206.47789007	1382.04223451	0.0
206.480575617	1381.45312318	0.0
206.470886285	1380.77514467	0.0
206.466445978	1380.20080385	0.0
206.459869439	1378.93932924	0.0
206.456131037	1378.29076967	0.0
206.452514704	1377.72241029	0.0
206.442810114	1377.05700502	0.0
206.448638972	1376.03979311	0.0
206.464126641	1375.23168764	0.0
206.472946222	1374.59545717	0.0
206.489105279	1373.4000226	0.0
206.499740656	1372.64904604	0.0
206.511505181	1371.83019838	0.0
206.520355278	1371.22228822	0.0
206.529083307	1370.62219056	0.0
206.540374811	1369.83837709	0.0
206.555938775	1368.75256166	0.0
206.567474421	1367.94836244	0.0
206.575897271	1367.35534486	0.0
206.594162042	1366.07592592	0.0
206.606170709	1365.23364076	0.0
206.617797907	1364.40966615	0.0
206.634689387	1363.22912416	0.0
206.650436457	1362.1220685	0.0
206.658767755	1361.54345521	0.0
206.667694148	1360.92162904	0.0
206.67723089	1360.25439271	0.0
206.67723089	1359.63195619	0.0
206.695327815	1358.9982892	0.0
206.70481878	1358.33325013	0.0
206.722488457	1357.10046205	0.0
206.731491143	1356.46508607	0.0
206.740234429	1355.84716615	0.0
206.754898127	1354.81713685	0.0
206.765976006	1354.03845033	0.0
206.773025568	1353.53796205	0.0
206.783813532	1352.76794252	0.0
206.793411311	1352.08447084	0.0
206.809829766	1350.91003236	0.0
206.815277155	1350.00866517	0.0
206.84002691	1348.90478334	0.0
206.884185846	1348.07153138	0.0
206.953781183	1347.25292787	0.0
207.007675226	1345.77807435	0.0
207.256042535	1345.31091127	0.0
207.425369318	1344.51977357	0.0
207.57011419	1343.84850892	0.0
207.742096003	1343.04772767	0.0
207.933517511	1342.15490541	0.0
208.07389837	1341.5061017	0.0
208.302200372	1340.449339	0.0
208.580825861	1339.16210756	0.0
208.702316339	1338.60082826	0.0
208.926467949	1337.56554994	0.0
209.108718926	1336.76135072	0.0
209.242935235	1336.11450014	0.0
209.353653008	1335.52123842	0.0
209.460434014	1334.8621808	0.0
209.538894707	1334.28710756	0.0
209.611755425	1333.59521303	0.0
209.653457696	1333.01013002	0.0
209.682205255	1331.80236635	0.0
209.703369197	1331.1446515	0.0
209.722381646	1330.5529767	0.0
209.747726495	1329.72497377	0.0
209.779647883	1328.64538393	0.0
209.814514216	1327.44299135	0.0
209.830001886	1326.9102765	0.0
209.846603449	1326.34350404	0.0
209.871566827	1325.48303041	0.0
209.900756892	1324.47143373	0.0
209.91740423	1323.89648256	0.0
209.944198663	1322.96105775	0.0
209.970199639	1322.14355287	0.0
209.990463311	1321.33373842	0.0
210.001342827	1320.65014467	0.0
210.001342827	1320.02209291	0.0
210.01582342	1319.13317689	0.0
210.044876154	1318.30590638	0.0
210.057586725	1317.62695131	0.0
210.075134332	1316.68054018	0.0
210.097244318	1315.48974428	0.0
210.114669856	1314.55029115	0.0
210.129531916	1313.75561342	0.0
210.152511652	1312.52075014	0.0
210.162155207	1312.00512513	0.0
210.177932794	1311.17211732	0.0
210.202606256	1310.29553041	0.0
210.19775396	1309.65026673	0.0
210.193786676	1308.63696107	0.0
210.190033013	1307.98534975	0.0
210.189239557	1307.35851869	0.0
210.187866266	1306.72253236	0.0
210.185546929	1305.55688295	0.0
210.184448298	1304.74694643	0.0
210.183319147	1303.9884015	0.0
210.182785089	1302.92541322	0.0
210.183090264	1302.23034486	0.0
210.180145318	1300.96508607	0.0
210.17723089	1300.29614076	0.0
210.175903375	1299.6870099	0.0
210.174911555	1298.9592267	0.0
210.168472344	1297.87707338	0.0
210.163513237	1297.04711732	0.0
210.159561213	1296.12280092	0.0
210.156936701	1295.239256	0.0
210.156936701	1294.03210268	0.0
210.151702935	1293.17162904	0.0
210.148803766	1292.11437806	0.0
210.146926934	1291.45324525	0.0
210.14549261	1290.88244447	0.0
210.143814141	1290.31469545	0.0
210.141861017	1289.61364564	0.0
210.142105157	1288.9201642	0.0
210.142105157	1288.22997865	0.0
210.119705255	1286.82299623	0.0
210.107009942	1285.746214	0.0
210.096679742	1284.86193666	0.0
210.088577324	1284.18493471	0.0
210.080474908	1283.51122865	0.0
210.072219904	1282.84618959	0.0
210.060195978	1281.84631166	0.0
210.049636897	1280.95373353	0.0
210.03875738	1280.05492983	0.0
210.03030401	1279.34582338	0.0
210.022979791	1278.72619447	0.0
210.013961847	1277.97839174	0.0
210.006301935	1277.3510724	0.0
210.000305231	1276.84838686	0.0
209.989883477	1275.96850404	0.0
209.983642632	1275.45043764	0.0
209.973114069	1274.59972963	0.0
209.966827448	1274.07531556	0.0
209.9563294	1273.20104799	0.0
209.947814995	1272.50573549	0.0
209.933837946	1271.34362611	0.0
209.916061457	1269.86620912	0.0
209.90858465	1269.25707826	0.0
209.897750909	1268.33300599	0.0
209.891738946	1267.82421693	0.0
209.881515559	1266.97533998	0.0
209.87469488	1266.4226056	0.0
209.863784846	1265.52013979	0.0
209.852539118	1264.57006654	0.0
209.84141546	1263.66540346	0.0
209.824493463	1262.2840558	0.0
209.815963799	1261.57409486	0.0
209.807907159	1260.90600405	0.0
209.799011285	1260.17443666	0.0
209.784820612	1259.00378236	0.0
209.778747614	1258.49535951	0.0
209.761474665	1257.08776674	0.0
209.744766291	1255.683714	0.0
209.744766291	1255.14306459	0.0
209.725936944	1254.16833314	0.0
209.719512995	1253.61828432	0.0
209.701294	1252.0998517	0.0
209.695068414	1251.58325014	0.0
209.688766536	1251.04504213	0.0
209.68238836	1250.51305971	0.0
209.669769343	1249.4896222	0.0
209.656509455	1248.38757143	0.0
209.643035943	1247.31042299	0.0
209.630111749	1246.27880678	0.0
209.623352106	1245.73278627	0.0
209.610336359	1244.67529115	0.0
209.610336359	1243.54858217	0.0
209.586837824	1242.78832826	0.0
209.580413874	1242.25793275	0.0
209.568038996	1241.24487123	0.0
209.561370905	1240.70873842	0.0
209.554992731	1240.18261537	0.0
209.548904474	1239.67992982	0.0
209.542465264	1239.15917787	0.0
209.529815728	1238.1121808	0.0
209.516418512	1237.01183901	0.0
209.507095393	1236.261839	0.0
209.498260553	1235.52892885	0.0
209.490951592	1234.9357892	0.0
209.48103338	1234.12463197	0.0
209.471130427	1233.32702455	0.0
209.460464532	1232.46471986	0.0
209.45065313	1231.67370424	0.0
209.433624322	1230.32494936	0.0
209.41400152	1228.77770815	0.0
209.400802667	1227.73229799	0.0
209.390777643	1226.94054994	0.0
209.383590753	1226.3687726	0.0
209.36688238	1225.02709779	0.0
209.360153252	1224.49780092	0.0
209.346496637	1223.40087709	0.0
209.339889581	1222.87255678	0.0
209.333099419	1222.3354474	0.0
209.319335993	1221.20532045	0.0
209.312103327	1220.62512026	0.0
209.297805841	1219.47167787	0.0
209.285430963	1218.46533021	0.0
209.274002129	1217.54015931	0.0
209.263687188	1216.70239076	0.0
209.255889948	1216.09741029	0.0
209.245575007	1215.29882631	0.0
209.221160944	1213.39428529	0.0
209.201614436	1212.44824037	0.0
209.201614436	1211.87280092	0.0
209.20835882	1210.63818178	0.0
209.21276861	1209.0373517	0.0
209.215469416	1208.05578432	0.0
209.217102106	1207.43871888	0.0
209.218582208	1206.8991681	0.0
209.220123346	1206.30724916	0.0
209.224121148	1204.78393373	0.0
209.226272638	1203.96264467	0.0
209.228576714	1203.0821515	0.0
209.230896052	1202.19494447	0.0
209.233703669	1201.04504213	0.0
209.235366876	1200.43615541	0.0
209.237030084	1199.84448061	0.0
209.241256769	1198.20825013	0.0
209.242706353	1197.69347963	0.0
209.246597345	1196.22302065	0.0
209.248901422	1195.33019838	0.0
209.251052911	1194.4760724	0.0
209.253021296	1193.62292299	0.0
209.255691583	1192.44164857	0.0
209.257019099	1191.85705385	0.0
209.258926446	1190.97387514	0.0
209.261642511	1189.79223451	0.0
209.265258844	1188.33666811	0.0
209.266647395	1187.74133119	0.0
209.26795965	1187.17895326	0.0
209.26947027	1186.55541811	0.0
209.270828301	1186.02123842	0.0
209.272201593	1185.47595033	0.0
209.274520928	1184.51977358	0.0
209.276290948	1183.74255189	0.0
209.28016668	1182.07604799	0.0
209.283935601	1180.41283998	0.0
209.285400446	1179.79015931	0.0
209.287719781	1178.71435365	0.0
209.289062556	1178.11681947	0.0
209.291381891	1177.01354799	0.0
209.292694148	1176.36987123	0.0
209.295150812	1175.18749818	0.0
209.296264703	1174.61498842	0.0
209.299423272	1172.87121401	0.0
209.301132257	1171.97790346	0.0
209.302017268	1171.43847474	0.0
209.304122979	1170.27978334	0.0
209.307418878	1168.55102357	0.0
209.30940252	1167.66088685	0.0
209.313369807	1165.93310366	0.0
209.315673883	1165.11572084	0.0
209.317794855	1164.32543764	0.0
209.323318537	1162.59948549	0.0
209.325286921	1161.93517885	0.0
209.326904352	1161.38964662	0.0
209.328567559	1160.85839662	0.0
209.330383356	1160.21301088	0.0
209.331848201	1159.64599428	0.0
209.335846003	1158.48876772	0.0
209.337387141	1157.92004213	0.0
209.338653619	1157.41283998	0.0
209.340728814	1156.74304018	0.0
209.342849786	1156.2416974	0.0
209.345016533	1155.62267885	0.0
209.345016533	1154.50475893	0.0
209.351532037	1153.92773256	0.0
209.353881891	1153.30151185	0.0
209.355880793	1152.72888002	0.0
209.363311823	1150.71362123	0.0
209.365539606	1150.14745912	0.0
209.365539606	1149.64318666	0.0
209.369552667	1148.99719057	0.0
209.372711236	1147.8922101	0.0
209.375747735	1146.69628724	0.0
209.37670904	1146.17150697	0.0
209.37721258	1145.54162416	0.0
209.377502495	1144.9427472	0.0
209.377563531	1144.43762026	0.0
209.378006035	1143.76977357	0.0
209.378433283	1142.62890443	0.0
209.378326471	1141.49426088	0.0
209.378448541	1140.91979799	0.0
209.378662165	1140.40954408	0.0
209.379257257	1139.76452455	0.0
209.379150446	1138.67565736	0.0
209.377182063	1138.05908021	0.0
209.377182063	1137.50060854	0.0
209.375030572	1136.97802553	0.0
209.382278498	1134.76244936	0.0
209.429611261	1133.52526674	0.0
209.441787775	1132.73620424	0.0
209.453842219	1131.93798647	0.0
209.471237238	1130.80846986	0.0
209.479950005	1130.23791322	0.0
209.488647517	1129.66821107	0.0
209.505752617	1128.54040346	0.0
209.514129693	1127.98974428	0.0
209.532028252	1126.77258119	0.0
209.532028252	1126.27160463	0.0
209.548172052	1125.66674623	0.0
209.563873346	1124.56786928	0.0
209.589065607	1122.89123353	0.0
209.610946709	1121.73583803	0.0
209.599639947	1120.20763979	0.0
209.54492193	1119.11364564	0.0
209.487548884	1118.02807435	0.0
209.444198664	1117.20886049	0.0
209.402572687	1116.42895326	0.0
209.343811091	1115.32946596	0.0
209.285690363	1114.23937806	0.0
209.232650811	1113.25085268	0.0
209.203476007	1112.70556459	0.0
209.147934014	1111.66833314	0.0
209.118682916	1111.12084779	0.0
209.064941461	1110.11327943	0.0
209.039840753	1109.5661603	0.0
208.951644952	1108.00695619	0.0
208.84936529	1106.98400697	0.0
208.791214044	1106.42822084	0.0
208.639587458	1104.9300519	0.0
208.570388848	1104.23852357	0.0
208.500320489	1103.54406556	0.0
208.413269099	1102.683714	0.0
208.336196955	1101.92382631	0.0
208.265304621	1101.22521791	0.0
208.185958918	1100.44567689	0.0
208.045455988	1099.00793275	0.0
207.993530329	1098.48974428	0.0
207.869247491	1097.44958314	0.0
207.61738592	1095.87768373	0.0
207.337188777	1094.61596498	0.0
207.129959161	1093.67150697	0.0
206.743393	1091.9102765	0.0
206.603714043	1091.27490053	0.0
206.493682916	1090.7750226	0.0
206.195343073	1089.41894349	0.0
205.990371759	1088.48510561	0.0
205.787414606	1087.55969057	0.0
205.630645806	1086.84521303	0.0
205.481063897	1086.16711244	0.0
205.481063897	1085.48571596	0.0
205.219512994	1084.97546205	0.0
205.080551202	1084.34289369	0.0
204.773956355	1082.93420228	0.0
204.575866755	1082.03429994	0.0
204.361434992	1081.16735658	0.0
204.097732599	1080.25927553	0.0
203.793701226	1079.28661928	0.0
203.612365777	1078.69408998	0.0
203.425857599	1078.08227357	0.0
203.085006769	1076.96606263	0.0
202.816635186	1076.0887433	0.0
202.562591607	1075.25744447	0.0
202.562591607	1074.152464	0.0
202.014587458	1073.47497377	0.0
201.793579156	1072.83434877	0.0
201.545639093	1072.20117006	0.0
201.211441094	1071.37731752	0.0
200.947387749	1070.71447572	0.0
200.72511297	1070.15649233	0.0
200.519607598	1069.64233217	0.0
200.021972712	1068.39843568	0.0
199.525451716	1067.16454897	0.0
199.304000909	1066.61486635	0.0
198.875961359	1065.55273256	0.0
198.540435846	1064.70446596	0.0
198.262344416	1064.03991518	0.0
197.994125422	1063.44848451	0.0
197.601699885	1062.64440736	0.0
197.220962578	1061.8432599	0.0
196.820495661	1060.99413881	0.0
196.334564264	1059.96716127	0.0
196.072479303	1059.41491518	0.0
195.672103937	1058.5718976	0.0
195.286300714	1057.74609193	0.0
194.898330743	1056.93786439	0.0
194.166290339	1055.56420717	0.0
193.649231012	1054.71093568	0.0
193.294937189	1054.10790834	0.0
192.956588799	1053.53112611	0.0
192.619400079	1052.95812807	0.0
192.280746515	1052.37035951	0.0
191.94689947	1051.80712709	0.0
191.498504694	1051.08947572	0.0
190.976226862	1050.33715638	0.0
190.622894343	1049.82983217	0.0
190.005523736	1048.93298158	0.0
189.265411432	1047.8588849	0.0
188.914688164	1047.3510724	0.0
188.554840142	1046.83044252	0.0
187.679428156	1045.56493959	0.0
187.201141411	1044.87389955	0.0
186.711547906	1044.15929994	0.0
186.065948541	1043.24426088	0.0
185.705673273	1042.77270326	0.0
185.162551935	1042.10180482	0.0
184.645141657	1041.44201478	0.0
184.240142878	1040.92529115	0.0
183.868804987	1040.45300112	0.0
183.396591241	1039.85424623	0.0
183.090911919	1039.12963686	0.0
182.42370611	1038.60742005	0.0
182.051391655	1038.15258608	0.0
181.624176081	1037.66552552	0.0
180.540695245	1036.47729311	0.0
179.815063533	1035.67004213	0.0
179.416183526	1035.22863588	0.0
179.015533503	1034.78600893	0.0
178.594909722	1034.32165346	0.0
178.109710749	1033.7783185	0.0
177.545272882	1033.15978822	0.0
176.741592463	1032.34667787	0.0
176.144607598	1031.81640443	0.0
175.985397393	1031.32140932	0.0
175.294387872	1031.03368958	0.0
174.730209405	1030.50988588	0.0
174.309280451	1030.12072572	0.0
173.888778742	1029.73132143	0.0
172.904266413	1028.81811342	0.0
172.3703919	1028.32238588	0.0
171.802032526	1027.79247865	0.0
171.003433283	1027.03832826	0.0
170.469802911	1026.54028139	0.0
169.883194024	1026.03124818	0.0
169.016525324	1025.33605775	0.0
168.569274958	1024.96764955	0.0
168.044265801	1024.53576479	0.0
167.333129939	1023.95178041	0.0
166.79606634	1023.50640687	0.0
166.37883001	1023.1590558	0.0
165.498245293	1022.47942934	0.0
164.690918025	1021.94048891	0.0
164.011810357	1021.47497377	0.0
163.19902044	1020.95831117	0.0
162.233963067	1020.39251527	0.0
161.563720757	1019.98974428	0.0
160.613739069	1019.43133363	0.0
159.956604059	1019.01348695	0.0
159.436706599	1018.67962465	0.0
159.01191717	1018.41174135	0.0
158.5218659	1018.10241517	0.0
158.059143121	1017.80969056	0.0
157.180709895	1017.24407777	0.0
156.632461603	1016.91259584	0.0
156.09230047	1016.58642396	0.0
155.299499566	1016.09930238	0.0
154.779724177	1015.7805768	0.0
154.346557672	1015.51489076	0.0
153.965591485	1015.02679262	0.0
153.099960381	1014.77544984	0.0
152.30198675	1014.31805238	0.0
151.459121759	1013.83099184	0.0
150.436355646	1013.23217592	0.0
149.747390802	1012.8689557	0.0
149.047592219	1012.48711976	0.0
148.477844292	1012.16558656	0.0
147.654678399	1011.74108705	0.0
147.071563777	1011.46410952	0.0
146.51240545	1011.1868268	0.0
145.707580622	1010.78637514	0.0
144.88816839	1010.39050111	0.0
144.369262751	1010.12072572	0.0
143.612167413	1009.68945131	0.0
142.625930841	1009.15637026	0.0
142.097885188	1008.86950502	0.0
141.600997981	1008.59905824	0.0
140.992813164	1008.26824769	0.0
140.396133477	1007.94384584	0.0
139.881576593	1007.66363344	0.0
139.196182306	1007.28912172	0.0
138.616912898	1006.97295961	0.0
137.896102961	1006.57824526	0.0
137.276672419	1006.23711976	0.0
136.361297663	1005.73217592	0.0
135.915237482	1005.48534975	0.0
135.436599786	1005.22027406	0.0
134.963378961	1004.95721254	0.0
134.174285943	1004.51934633	0.0
133.738632258	1003.79717836	0.0
132.875991876	1003.79717836	0.0
132.218795831	1003.42730531	0.0
131.667144831	1003.14227113	0.0
131.204345759	1002.90875063	0.0
130.408996638	1002.50457582	0.0
129.744033868	1002.1656476	0.0
129.052612359	1001.81432924	0.0
127.967361506	1001.26415834	0.0
127.376861628	1000.96569643	0.0
126.873130852	1000.71081361	0.0
126.297103938	1000.42004213	0.0
125.386505183	999.959776015	0.0
125.194824275	999.427000135	0.0
124.334152276	999.427000135	0.0
123.632431086	999.075559708	0.0
122.911659296	998.697324842	0.0
122.219657954	998.33636293	0.0
121.665542656	998.047849745	0.0
121.168617303	997.788999648	0.0
120.43856054	997.408384414	0.0
119.695022638	997.020139784	0.0
118.967109735	996.639280409	0.0
117.937950189	996.100523086	0.0
117.494476373	995.868284315	0.0
116.53382116	995.364561169	0.0
116.024681146	995.097410293	0.0
115.278617913	994.71362123	0.0
113.882469232	993.937864395	0.0
112.876533563	993.378599257	0.0
111.921844537	992.847166153	0.0
111.365341242	992.537107558	0.0
110.841072138	992.244993301	0.0
110.305030877	991.946775529	0.0
109.6336289	991.574033828	0.0
108.866088922	991.149351206	0.0
107.763687188	990.544553849	0.0
107.076683099	990.175474254	0.0
106.553169306	989.892698376	0.0
106.030960139	989.609983535	0.0
105.487480218	989.315427872	0.0
104.971984918	989.035886857	0.0
104.448295647	988.7505475	0.0
103.649711663	988.313963028	0.0
103.111724908	988.019285297	0.0
102.620323236	987.749448866	0.0
101.913688714	987.360593886	0.0
101.241592463	986.990537735	0.0
100.498626765	986.581419078	0.0
99.7978668768	986.194944471	0.0
99.2641220653	985.901182267	0.0
98.1927261896	985.313291639	0.0
97.6807098945	985.03252992	0.0
97.1477356502	984.741209122	0.0
96.2070618228	984.224180313	0.0
95.5081940237	983.846433728	0.0
94.9776306704	983.57940492	0.0
94.2701416572	983.215452286	0.0
93.4311295111	982.780271622	0.0
92.6719589774	982.385984514	0.0
92.0225830618	982.05218324	0.0
91.4715958196	981.766294571	0.0
90.9687653142	981.487547012	0.0
90.4563065117	981.207700818	0.0
89.9382782523	980.926817031	0.0
89.4078293407	980.63989076	0.0
88.7144470759	980.264890763	0.0
88.0586700992	979.910520644	0.0
87.0117340644	979.346372695	0.0
86.3290787294	978.979795548	0.0
85.648284968	978.614439099	0.0
85.2952347362	978.063596815	0.0
84.6198654725	978.063596815	0.0
83.9156799872	977.685667132	0.0
82.9748917173	977.179868788	0.0
82.3093491145	976.821043104	0.0
81.6017227732	976.438596818	0.0
80.9140396664	976.066282362	0.0
80.0471420845	975.595884412	0.0
79.5970612128	975.351194471	0.0
78.8629913887	974.951963514	0.0
78.3310700011	974.662046523	0.0
77.6654892526	974.298643203	0.0
77.307128961	973.829343888	0.0
76.6386032644	973.735654918	0.0
76.1214371271	973.450315567	0.0
75.2544479928	972.972898575	0.0
74.7364731392	972.685972304	0.0
74.0561523983	972.308286754	0.0
72.7673111506	971.5965558	0.0
72.2994614193	971.338316056	0.0
71.6176529485	970.963071915	0.0
70.9652863102	970.604673475	0.0
70.351440485	970.266843888	0.0
69.7541122976	969.939512344	0.0
69.3123474682	969.698423478	0.0
68.4229508006	969.206297013	0.0
67.7055512018	968.834287731	0.0
67.1643448421	968.566953751	0.0
66.3418045588	968.154966445	0.0
65.526573235	967.749631972	0.0
64.6740799505	967.323362443	0.0
64.07542425	967.041685196	0.0
63.5411186758	966.82397279	0.0
62.7051621038	966.468015761	0.0
62.1602860054	966.231748673	0.0
61.6155319773	965.998716444	0.0
60.7812309818	965.644224255	0.0
60.2186661327	965.405088516	0.0
59.6598244261	965.167661758	0.0
58.8115692684	964.806882952	0.0
57.989402826	964.458494276	0.0
56.8909073427	963.97863588	0.0
56.3364601677	963.751707169	0.0
55.7128449026	963.53997621	0.0
55.1873398373	963.353025526	0.0
54.4810410103	963.091367813	0.0
53.9210053044	962.883970354	0.0
53.3755188531	962.682676408	0.0
52.8046341501	962.472288224	0.0
52.00547033	962.174009413	0.0
51.1893807001	961.871580212	0.0
50.0998001644	961.559080213	0.0
49.517353113	961.428403945	0.0
48.6545677725	961.220518202	0.0
47.8848152715	961.032713027	0.0
47.3126488285	960.896421522	0.0
46.1903534476	960.629880992	0.0
45.6526184626	960.499509901	0.0
45.1259003243	960.370847793	0.0
44.3076401301	960.209287733	0.0
43.7189598628	960.128782363	0.0
43.1648636412	960.081419082	0.0
42.3119240357	959.997129532	0.0
41.7625351506	959.940977187	0.0
41.1945915768	959.881834121	0.0
40.4901199889	959.806272598	0.0
39.7040787291	959.72686586	0.0
39.0805397588	959.66509828	0.0
38.5305824836	959.60919008	0.0
37.9948158805	959.549436662	0.0
37.4315453128	959.489255995	0.0
36.7490349362	959.460447403	0.0
36.0786438548	959.440244765	0.0
35.5565414983	959.415281387	0.0
34.7301064091	959.364683241	0.0
34.0434418275	959.366514297	0.0
33.5340920043	959.366819472	0.0
32.8947792593	959.363279433	0.0
32.0537338808	959.354368301	0.0
31.2197342476	959.406919568	0.0
30.514188822	959.430845351	0.0
29.6403580252	959.496030899	0.0
28.960943278	959.586607069	0.0
28.1010971617	959.671018693	0.0
27.4647026608	959.750974746	0.0
26.7064457493	959.877622695	0.0
26.1914921357	959.951963516	0.0
25.693464335	960.015684217	0.0
25.0014229366	960.159910292	0.0
24.3610420765	960.30065736	0.0
23.6964321688	960.436704723	0.0
22.732126291	960.63751039	0.0
21.9974670957	960.79089174	0.0
20.9393387397	961.014524552	0.0
20.3905239667	961.123899549	0.0
19.2803440646	961.386411754	0.0
18.5948792043	961.581052872	0.0
18.0306301657	961.736143201	0.0
17.2612457823	961.951963515	0.0
16.651435908	962.125242324	0.0
15.986987169	962.304624647	0.0
15.2184143622	962.537717911	0.0
14.4328117925	962.810178848	0.0
13.8506861283	963.001707168	0.0
12.8876410071	963.312620253	0.0
12.2945862366	963.53924379	0.0
11.7298088635	963.780393689	0.0
11.1314678743	964.026670546	0.0
10.2680254537	964.366270154	0.0
9.45788770466	964.734739393	0.0
8.89179998083	965.025816055	0.0
8.06060701102	965.431333634	0.0
7.2364607412	965.833005995	0.0
6.45995193295	966.266965956	0.0
5.75548272912	966.711301894	0.0
5.14296346431	967.074827285	0.0
4.60430150846	967.429746719	0.0
4.09990649979	967.814268203	0.0
3.60857277532	968.171079726	0.0
2.92126994906	968.665586561	0.0
2.38420396479	969.053098767	0.0
1.80044119991	969.478452774	0.0
1.27743869653	969.926511854	0.0
0.98416131339	970.388609021	0.0
0.368893559964	970.656187148	0.0
-0.103054915729	971.039426893	0.0
-0.598490540578	971.431943984	0.0
-1.08659488393	971.861448378	0.0
-1.71184129076	972.409360974	0.0
-2.19189113763	972.826597305	0.0
-2.71881145594	973.283689592	0.0
-3.38763326843	973.862363906	0.0
-3.89395779854	974.289426895	0.0
-4.49553150393	974.894529431	0.0
-4.967091506	975.347776504	0.0
-5.5199617793	975.87768373	0.0
-5.92003244633	976.263975234	0.0
-6.6435923028	976.961179825	0.0
-7.08801740914	977.378233043	0.0
-7.48441976763	977.797483535	0.0
-7.90032047493	978.240171524	0.0
-8.29970831162	978.65301332	0.0
-8.97557253117	979.35320863	0.0
-9.38254923181	979.774839491	0.0
-10.1094140449	980.544736951	0.0
-10.5749711446	981.10339174	0.0
-10.6411008284	981.789732073	0.0
-11.1746196191	981.789732073	0.0
-11.6292838504	982.318845839	0.0
-12.2714843191	983.154417129	0.0
-12.6719531458	983.644773573	0.0
-13.1913098748	984.361570446	0.0
-13.510621016	984.80309877	0.0
-13.9328097737	985.370969865	0.0
-14.2979020513	985.965879529	0.0
-14.6642503188	986.587400526	0.0
-14.9992637083	987.110410781	0.0
-15.3299493236	987.699400038	0.0
-15.6312360215	988.257505509	0.0
-16.0484313422	988.999693006	0.0
-16.5267219002	989.851316544	0.0
-16.8880576533	990.490049451	0.0
-17.1359786441	990.94634828	0.0
-17.4474048059	991.604002088	0.0
-17.6804809032	992.075803845	0.0
-17.9118384753	992.52422914	0.0
-18.3843554906	993.484129047	0.0
-18.6122550412	993.941160293	0.0
-18.9231757568	994.603818987	0.0
-19.2966021944	995.378294084	0.0
-19.5574283059	995.907224747	0.0
-19.8503531867	996.549009414	0.0
-20.158782903	997.463255018	0.0
-20.3555583399	998.144285292	0.0
-20.6002253946	998.948789686	0.0
-20.9120044166	999.971494764	0.0
-21.1071643284	1000.61712465	0.0
-21.3640174314	1001.48083314	0.0
-21.5667151847	1002.15234193	0.0
-21.8522414604	1003.10070619	0.0
-21.9963092249	1003.57977113	0.0
-22.2358664917	1004.36993227	0.0
-22.4087581077	1004.93731508	0.0
-22.581058447	1005.50231752	0.0
-22.7554110935	1006.10296449	0.0
-22.9625110073	1006.91644105	0.0
-23.1306209023	1007.56347475	0.0
-23.2658595497	1008.08837709	0.0
-23.5730533043	1009.25335512	0.0
-23.8044318606	1010.21282777	0.0
-23.9875258851	1011.21404848	0.0
-24.0874614156	1012.03326234	0.0
-24.1190032417	1012.69366274	0.0
-24.1581496639	1013.73687562	0.0
-24.1875399991	1014.4057599	0.0
-24.2164287008	1015.11297426	0.0
-24.2666358406	1016.38195619	0.0
-24.2954596932	1017.0897809	0.0
-24.3275947018	1017.74029359	0.0
-24.3417663021	1018.45879945	0.0
-24.3197574073	1019.13250551	0.0
-24.3050155087	1019.79998598	0.0
-24.2901114864	1020.85009584	0.0
-24.2865638188	1021.54589662	0.0
-24.2731799537	1022.22826967	0.0
-24.2089061181	1023.26800355	0.0
-24.1562137059	1023.7750226	0.0
-24.0875949313	1024.27538881	0.0
-23.8867663789	1025.28161439	0.0
-23.7617949895	1025.8790265	0.0
-23.5233745032	1027.03063783	0.0
-23.3877696433	1027.71264467	0.0
-23.2752437044	1028.24719057	0.0
-23.1427211204	1028.75646791	0.0
-23.0076598561	1029.29052553	0.0
-22.883928243	1029.79699525	0.0
-22.7528628764	1030.33801088	0.0
-22.5070247098	1031.3811017	0.0
-22.3356799524	1032.05883607	0.0
-22.1441535388	1032.71740541	0.0
-21.9852904724	1033.20556459	0.0
-21.6964091714	1033.97851381	0.0
-21.4241828364	1034.5706769	0.0
-20.8882293148	1035.74474916	0.0
-20.6267012992	1036.32397279	0.0
-20.4194640571	1036.77966127	0.0
-20.0930594856	1037.49316225	0.0
-20.0249900261	1038.06603822	0.0
-19.7671718052	1038.52526674	0.0
-19.4342612661	1038.93847475	0.0
-19.1654490883	1039.52783022	0.0
-18.8384284428	1040.24242982	0.0
-18.513893073	1040.9526349	0.0
-18.2540187291	1041.52136049	0.0
-17.9659308827	1042.17114076	0.0
-17.7373313345	1042.62035951	0.0
-17.3087710793	1043.49523744	0.0
-17.0394400994	1044.05200014	0.0
-16.7838191435	1044.5932599	0.0
-16.7838191435	1045.09350404	0.0
-16.2702350077	1045.57299623	0.0
-15.9561871937	1046.16393861	0.0
-15.6246137076	1046.79357728	0.0
-15.3743943607	1047.26782045	0.0
-14.9929255896	1047.98730287	0.0
-14.5958775928	1048.73425111	0.0
-14.3273209971	1049.24011049	0.0
-14.0616874144	1049.74108705	0.0
-13.6591672337	1050.49889955	0.0
-13.5362777148	1051.0061017	0.0
-13.3182963768	1051.49658021	0.0
-13.1287249978	1052.051756	0.0
-12.6867017199	1052.3264142	0.0
-12.2706031254	1053.1121808	0.0
-11.8491811194	1053.90966615	0.0
-11.4341802045	1054.69958314	0.0
-10.9185447136	1055.67614564	0.0
-10.5651206422	1056.36083803	0.0
-10.1406964714	1057.12402162	0.0
-9.64174265106	1058.01562318	0.0
-9.36298936949	1058.51330385	0.0
-9.09340376133	1058.99426088	0.0
-8.68213934061	1059.72692689	0.0
-8.40331930388	1060.22216615	0.0
-8.13811964245	1060.69347963	0.0
-7.86966079887	1061.17004213	0.0
-7.51998276083	1061.7906476	0.0
-7.26924270886	1062.23510561	0.0
-6.82701534586	1063.01672181	0.0
-6.58741897781	1063.4559308	0.0
-6.17866558174	1064.12292299	0.0
-5.78948206233	1064.67577943	0.0
-5.41581768362	1065.12145814	0.0
-4.92355770251	1065.75256166	0.0
-4.5579399523	1066.1890851	0.0
-4.11071104283	1066.60558901	0.0
-3.470161859	1067.02099428	0.0
-2.93920940574	1067.26952944	0.0
-2.49564379978	1067.52087221	0.0
-1.88658577675	1067.85204897	0.0
-1.26744670136	1068.17443666	0.0
-0.762190644105	1068.34509096	0.0
-0.194848065439	1068.44531068	0.0
0.322406467225	1068.47985658	0.0
0.881525452074	1068.44653139	0.0
1.47292929474	1068.42150697	0.0
1.98965030437	1068.40832338	0.0
2.63114529307	1068.34618959	0.0
3.23375540564	1068.21996889	0.0
3.73786454921	1068.05541811	0.0
4.21386152058	1067.82116518	0.0
4.91015678272	1067.46179018	0.0
5.40316825529	1067.22424134	0.0
5.88309579616	1066.98571596	0.0
6.33460241067	1066.75805482	0.0
6.79547696939	1066.5262433	0.0
7.37077718432	1066.23644838	0.0
7.88341623085	1065.9772931	0.0
8.42675309972	1065.70361146	0.0
8.92098527722	1065.45446595	0.0
9.45432573004	1065.18493471	0.0
9.96158319199	1064.93774232	0.0
10.5784216473	1064.598631	0.0
11.0338163931	1064.35961732	0.0
11.6344986517	1064.04430971	0.0
12.0815067833	1063.808714	0.0
12.6200771882	1063.52355775	0.0
13.1624661046	1063.23730287	0.0
13.8611345831	1062.87023744	0.0
14.3337078647	1062.62194643	0.0
15.0105190829	1062.26672181	0.0
15.5376749595	1061.98852358	0.0
16.0225849708	1061.73034487	0.0
