19.9672661384	1110.61889467	0.0
20.2280102329	1111.07201967	0.0
20.4800453725	1111.52367982	0.0
20.7450733741	1111.98669252	0.0
20.9986916133	1112.43359193	0.0
21.2479668224	1112.87353334	0.0
21.5208397466	1113.33910951	0.0
21.6834164205	1113.89660463	0.0
22.0147114355	1114.38671694	0.0
22.2786808563	1114.88635072	0.0
22.5114842011	1115.34448061	0.0
22.7541218344	1115.80138978	0.0
23.0052700593	1116.27648744	0.0
23.2671051573	1116.77209291	0.0
23.6219711849	1117.44140444	0.0
23.9981194091	1118.1512433	0.0
24.278610285	1118.67895326	0.0
24.5296402519	1119.15185365	0.0
24.8659649449	1119.78515443	0.0
25.1367436011	1120.29540834	0.0
25.4282131751	1120.84374818	0.0
25.9224262799	1121.77355776	0.0
26.2313709811	1122.35583314	0.0
26.4690857482	1122.80370912	0.0
26.8010197242	1123.42761049	0.0
27.0512199951	1123.89953432	0.0
27.3609200074	1124.45580873	0.0
27.7136574333	1125.08325014	0.0
27.9753628328	1125.55383119	0.0
28.2332516264	1126.01330385	0.0
28.6124039253	1126.68786439	0.0
29.0108223509	1127.39245424	0.0
29.3688393189	1128.06017885	0.0
29.6092644297	1128.49987611	0.0
29.8826675969	1129.00317201	0.0
30.2503624519	1129.67895326	0.0
30.5352135248	1130.20361146	0.0
30.9373779839	1130.94726381	0.0
31.2353783195	1131.50073061	0.0
31.5418091373	1132.06603822	0.0
31.9264565062	1132.77599916	0.0
32.2357445316	1133.34692201	0.0
32.6868286695	1134.17931947	0.0
33.1521492555	1135.03686341	0.0
33.6317101066	1135.91943178	0.0
33.8809013924	1136.37756166	0.0
34.2598648618	1137.07324037	0.0
34.5827103204	1137.66589174	0.0
34.9020691458	1138.25195131	0.0
35.2370377135	1138.86584291	0.0
35.6285858697	1139.583006	0.0
35.8868637629	1140.05517397	0.0
36.1935997565	1140.61523256	0.0
36.4981079647	1141.1734601	0.0
36.6681786134	1141.78588686	0.0
37.162437495	1142.39538393	0.0
37.4903565003	1142.9995099	0.0
37.8283234184	1143.62292299	0.0
38.1728363595	1144.25903139	0.0
38.4991226736	1144.86242494	0.0
38.8507347656	1145.51110658	0.0
39.2012596691	1146.15795717	0.0
39.5420570919	1146.78466615	0.0
39.9017792303	1147.44592103	0.0
40.064971978	1148.40624818	0.0
40.5963974556	1148.71740541	0.0
41.1152573175	1149.66576967	0.0
41.4390907835	1150.25793275	0.0
41.8122482846	1150.94116029	0.0
42.1775284362	1151.60900697	0.0
42.557075556	1152.30383119	0.0
43.1204224184	1153.35339174	0.0
43.4217072088	1153.87377748	0.0
43.7041550243	1154.36926088	0.0
44.1868630009	1155.22521791	0.0
44.454479273	1155.70007142	0.0
45.0381889899	1156.73425112	0.0
45.4017143808	1157.37804994	0.0
45.7826576783	1158.0529767	0.0
46.0724525997	1158.56628237	0.0
46.4568787173	1159.24706849	0.0
47.1771812997	1160.52392396	0.0
47.4456024711	1160.99987611	0.0
47.7383614138	1161.51904115	0.0
48.1498604373	1162.24902162	0.0
48.5546951842	1162.96716127	0.0
48.962249811	1163.69054994	0.0
49.3861923768	1164.44213685	0.0
50.0043297356	1165.53759584	0.0
50.4439125609	1166.31579408	0.0
50.8537979673	1167.04076967	0.0
51.2731247496	1167.78198061	0.0
51.6866379338	1168.5126935	0.0
52.0933189944	1169.22997865	0.0
52.7085114077	1170.3165265	0.0
53.105762536	1171.01806459	0.0
53.5064240042	1171.7260724	0.0
53.8661156258	1172.36157045	0.0
54.2243080683	1172.99474916	0.0
54.5952568602	1173.65026674	0.0
55.1911125727	1174.70361147	0.0
55.58631521	1175.40221986	0.0
55.9768715448	1176.09289369	0.0
56.2977562496	1176.66052065	0.0
56.5829010566	1177.16503724	0.0
56.8929596502	1177.71349916	0.0
57.287025507	1178.41149721	0.0
57.57769018	1178.92602358	0.0
57.8774338312	1179.45641908	0.0
58.1690865103	1179.97228822	0.0
58.4682732183	1180.50243959	0.0
58.8658981883	1181.20690736	0.0
59.4611664366	1182.26135072	0.0
60.0225868777	1183.25744447	0.0
60.6018448424	1184.28552065	0.0
61.0084877553	1185.00744447	0.0
61.4082832883	1185.71838197	0.0
62.0222702585	1186.81054506	0.0
62.4122772756	1187.50341615	0.0
62.8256645741	1188.2384015	0.0
63.4057999207	1189.2684308	0.0
63.8042603098	1189.9748517	0.0
64.1049652654	1190.50756654	0.0
64.3835068292	1191.00109682	0.0
64.6861649116	1191.53698549	0.0
65.0750656675	1192.22546205	0.0
65.4761658271	1192.93505677	0.0
65.769271905	1193.45361147	0.0
66.0551071724	1193.95959291	0.0
66.4087067201	1194.57153138	0.0
66.7667313165	1195.21398744	0.0
67.1002350402	1195.86486635	0.0
67.447578486	1196.5307599	0.0
67.6307449894	1197.19494447	0.0
68.2226334164	1198.01037416	0.0
68.4594803411	1198.46313295	0.0
68.7201996403	1198.96215639	0.0
69.0252380928	1199.56176576	0.0
69.3540726257	1200.15380678	0.0
69.6733475285	1200.73876772	0.0
69.980377252	1201.30456361	0.0
70.4462586006	1202.16406068	0.0
70.7584457942	1202.73852357	0.0
71.2182312566	1203.58361635	0.0
71.6418762752	1204.36327943	0.0
71.9304123487	1204.89404115	0.0
72.3318787164	1205.63171205	0.0
72.7206268856	1206.34802064	0.0
73.0353394102	1206.92614564	0.0
73.5272064762	1207.8297101	0.0
73.7896957946	1208.3153058	0.0
74.2032852714	1209.07299623	0.0
74.7301102239	1209.97802553	0.0
74.9907379696	1210.43835268	0.0
75.2410126281	1210.88097963	0.0
75.5017090395	1211.34142885	0.0
75.8388214657	1211.93639955	0.0
76.1780472345	1212.53674135	0.0
76.5354004453	1213.16869936	0.0
76.8979645317	1213.81005678	0.0
77.318161065	1214.55468568	0.0
77.6318817699	1215.10986147	0.0
78.2331848699	1216.1734601	0.0
78.4870529734	1216.62158021	0.0
78.7553787784	1217.09545717	0.0
79.0182037911	1217.55993471	0.0
79.2839890075	1218.03027162	0.0
79.5466538029	1218.49450502	0.0
79.8110504703	1218.96154603	0.0
80.0794754588	1219.43542299	0.0
80.3531570993	1219.91918763	0.0
80.6222687319	1220.39489565	0.0
80.9013290951	1220.88830385	0.0
81.1754684994	1221.3732892	0.0
81.4525909973	1221.86291322	0.0
81.9075546821	1222.66723451	0.0
82.2992706845	1223.35949525	0.0
82.5836105905	1223.86230287	0.0
82.9337540231	1224.48132143	0.0
83.2711029611	1225.07775697	0.0
83.7156906677	1225.86303529	0.0
84.0099945613	1226.38244447	0.0
84.2886200511	1226.87463197	0.0
84.5773850034	1227.38390931	0.0
84.9531097971	1228.04626283	0.0
85.2526093075	1228.57397279	0.0
85.5332642156	1229.06872377	0.0
86.0155945379	1229.91894349	0.0
86.3011704048	1230.42284975	0.0
86.579124505	1230.9135724	0.0
87.2319489078	1232.06713685	0.0
87.532882745	1232.59960756	0.0
87.8993073061	1233.24902162	0.0
88.2805786673	1233.92394838	0.0
88.9808960514	1235.16699037	0.0
89.3186722352	1235.76672182	0.0
89.6921539859	1236.42956361	0.0
90.0472794129	1237.06042299	0.0
90.4287186225	1237.73803529	0.0
90.9781418394	1238.71325502	0.0
91.3468704779	1239.36730776	0.0
91.7086334781	1240.00439271	0.0
91.9809952325	1240.50134095	0.0
92.3352509093	1241.1446515	0.0
92.5893555234	1241.60400209	0.0
92.84558874	1242.06677065	0.0
93.0940781183	1242.5151349	0.0
93.349098261	1242.9748517	0.0
93.8336563663	1243.84911928	0.0
94.3165054867	1244.71923647	0.0
94.6830292301	1245.37951478	0.0
94.9914551324	1245.93420228	0.0
95.2382355279	1246.3778058	0.0
95.4815521801	1246.81591615	0.0
95.973785456	1247.70458803	0.0
96.3138046812	1248.31786928	0.0
96.8252487733	1249.24108705	0.0
97.152618463	1249.83361635	0.0
97.5230560856	1250.50292787	0.0
98.2176819392	1251.75915346	0.0
98.5849533628	1252.42407045	0.0
99.1180649345	1253.38818178	0.0
99.6543732241	1254.35986146	0.0
100.02363592	1255.02892885	0.0
100.774261531	1256.38720522	0.0
101.119766291	1257.01049623	0.0
101.413414056	1257.54040346	0.0
101.701652581	1258.06054506	0.0
101.982086236	1258.56591615	0.0
102.265701349	1259.07555971	0.0
102.643180902	1259.75341615	0.0
102.934898433	1260.27734194	0.0
103.40264898	1261.12096986	0.0
103.799179131	1261.83483705	0.0
104.198829706	1262.55370912	0.0
104.695442254	1263.45055971	0.0
105.087173517	1264.14318666	0.0
105.451919611	1264.83886537	0.0
106.02549749	1265.91137513	0.0
106.71617132	1267.18469057	0.0
107.202003535	1268.13940248	0.0
107.545906121	1268.80712709	0.0
107.88526922	1269.46655092	0.0
108.220878656	1270.11706361	0.0
108.556991632	1270.76879701	0.0
108.982048089	1271.59472474	0.0
109.313026483	1272.23669252	0.0
109.55110174	1272.6981183	0.0
109.823783929	1273.22656068	0.0
110.079940851	1273.72241029	0.0
110.332267815	1274.21117982	0.0
110.58009344	1274.69299135	0.0
110.852417047	1275.2227765	0.0
111.098945674	1275.70153627	0.0
111.540145929	1276.55517396	0.0
111.949119622	1277.31359681	0.0
112.319442803	1278.00878724	0.0
112.829917963	1278.96740541	0.0
113.098732049	1279.47045717	0.0
113.346702631	1279.93420228	0.0
113.78382879	1280.75329408	0.0
114.050949152	1281.25451479	0.0
114.310607964	1281.74133119	0.0
114.572036799	1282.23205385	0.0
114.838188225	1282.73132142	0.0
115.270088251	1283.54052553	0.0
115.724456842	1284.39184388	0.0
115.994842584	1284.88671693	0.0
116.254287774	1285.38354311	0.0
116.511085566	1285.89233216	0.0
116.772773798	1286.40514955	0.0
117.105262811	1287.05065736	0.0
117.599922234	1288.01110658	0.0
117.909271294	1288.61071596	0.0
118.410148676	1289.59863099	0.0
118.903472956	1290.60156068	0.0
119.232269342	1291.26525697	0.0
119.544448908	1291.89599428	0.0
120.032783563	1292.88476381	0.0
120.4510346	1293.71764955	0.0
120.677909906	1294.19128236	0.0
121.127441461	1295.17565736	0.0
121.435585077	1295.83569155	0.0
121.67156988	1296.34094057	0.0
121.907371575	1296.83068666	0.0
122.123611504	1297.30932435	0.0
122.468170221	1298.11584291	0.0
122.70307165	1298.65209779	0.0
122.956459101	1299.22863588	0.0
123.206672724	1299.79943666	0.0
123.454292352	1300.36523256	0.0
123.736030634	1301.00866517	0.0
124.164215143	1301.97961244	0.0
124.442131098	1302.60986146	0.0
124.70066839	1303.26244935	0.0
124.965637261	1303.90661439	0.0
125.223999079	1304.53137025	0.0
125.488449151	1305.17248353	0.0
125.883972223	1306.12914857	0.0
126.142799432	1306.75439271	0.0
126.396591241	1307.3679181	0.0
126.780700737	1308.29980287	0.0
127.103477534	1309.19262514	0.0
127.320472771	1309.76867494	0.0
127.60982519	1310.5394269	0.0
127.889419611	1311.28539858	0.0
128.113739068	1311.86108217	0.0
128.326202447	1312.48534975	0.0
128.587524468	1313.2495099	0.0
128.845748957	1313.98815736	0.0
129.157531793	1314.87499818	0.0
129.362091119	1315.46887026	0.0
129.74440008	1316.64526185	0.0
130.044601496	1317.54931459	0.0
130.453247126	1318.7885724	0.0
130.636596734	1319.34582338	0.0
130.875915581	1320.07031068	0.0
131.113281306	1320.78710756	0.0
131.308624323	1321.37341127	0.0
131.585067803	1322.25524721	0.0
131.858978327	1323.14428529	0.0
132.088989313	1323.8811017	0.0
132.27311712	1324.46423158	0.0
132.461853083	1325.05077943	0.0
132.609100397	1325.61498842	0.0
132.843338067	1326.48681459	0.0
132.995849664	1327.03454408	0.0
133.220932062	1327.85619935	0.0
133.406906182	1328.598631	0.0
133.583770806	1329.27892885	0.0
133.725738581	1329.82555971	0.0
133.879241998	1330.38805971	0.0
134.009964045	1330.94909486	0.0
134.178817805	1331.76354799	0.0
134.340866143	1332.46923646	0.0
134.489578302	1333.15563783	0.0
134.672607478	1334.22497377	0.0
134.774124201	1334.76672182	0.0
134.826614435	1335.30505189	0.0
134.979476984	1335.83886537	0.0
135.050354059	1336.37597474	0.0
135.157714899	1337.07250795	0.0
135.299621637	1337.97558412	0.0
135.40101629	1338.63757143	0.0
135.492172295	1339.34277162	0.0
135.615081843	1340.2314435	0.0
135.696334893	1340.75768861	0.0
135.740661677	1341.37609681	0.0
135.817260797	1342.28503237	0.0
135.867660578	1342.8732892	0.0
135.922836358	1343.64318666	0.0
135.976532038	1344.35864076	0.0
136.017776544	1344.91418275	0.0
136.094207819	1345.95129213	0.0
136.158493097	1346.82629213	0.0
136.227035578	1347.76135072	0.0
136.289108331	1348.4904767	0.0
136.318328913	1349.23156556	0.0
136.345840508	1349.74584779	0.0
136.402328547	1350.77099428	0.0
136.415664727	1351.76489076	0.0
136.496963556	1352.53002748	0.0
136.527084405	1353.09033021	0.0
136.559799249	1353.6981183	0.0
136.607864436	1354.63085756	0.0
136.638046319	1355.29955873	0.0
136.670272882	1355.98681459	0.0
136.717971856	1357.01342592	0.0
136.742904717	1357.55187807	0.0
136.768158013	1358.09167299	0.0
136.793365534	1358.61462221	0.0
136.831436212	1359.44763002	0.0
136.852722222	1360.36486635	0.0
136.8681336	1360.88244447	0.0
136.88488775	1361.4222394	0.0
136.900375421	1361.92931947	0.0
136.91966253	1362.57165346	0.0
136.941818292	1363.32043275	0.0
136.969574029	1364.26220521	0.0
137.001663264	1365.29858217	0.0
137.018814141	1365.92931947	0.0
137.030365045	1366.62475404	0.0
137.043548639	1367.27612123	0.0
137.056304988	1367.89037904	0.0
137.074737603	1368.77734193	0.0
137.090637263	1369.56493959	0.0
137.104095515	1370.22399721	0.0
137.104095515	1370.87951479	0.0
137.131057795	1371.53137025	0.0
137.144073542	1372.16503725	0.0
137.165786797	1373.30663881	0.0
137.200088557	1374.56347475	0.0
137.254272516	1375.09472475	0.0
137.333908135	1376.02245912	0.0
137.416503961	1376.94665346	0.0
137.510131891	1377.55639467	0.0
137.627792414	1378.45959291	0.0
137.702621515	1379.04443178	0.0
137.78874212	1379.65270815	0.0
137.848800713	1380.21093568	0.0
137.905166682	1380.78906068	0.0
137.966690119	1381.36352357	0.0
138.028457696	1381.93481264	0.0
138.100204522	1382.64147768	0.0
138.212036187	1383.55309877	0.0
138.287674005	1384.16540346	0.0
138.348159845	1384.67053041	0.0
138.413925226	1385.21569643	0.0
138.482009944	1385.77575502	0.0
138.583923395	1386.61242494	0.0
138.649902399	1387.15368471	0.0
138.719818171	1387.72656068	0.0
138.82365423	1388.57678041	0.0
138.93101507	1389.45544252	0.0
138.998779351	1390.00951967	0.0
139.103912409	1390.86767397	0.0
139.211349541	1391.74401674	0.0
139.348129326	1392.85693178	0.0
139.420135553	1393.40429506	0.0
139.514404351	1394.29223451	0.0
139.582672173	1394.89660463	0.0
139.657440241	1395.48168764	0.0
139.723510797	1396.36730775	0.0
139.761550959	1396.95629701	0.0
139.805191096	1397.5394269	0.0
139.866394098	1398.37353334	0.0
139.906158503	1398.93139467	0.0
139.945022637	1399.48376283	0.0
140.003219659	1400.308714	0.0
140.043396052	1400.87866029	0.0
140.083465631	1401.44726381	0.0
140.138244684	1402.23742494	0.0
140.175262506	1402.76806459	0.0
140.237731987	1403.65942201	0.0
140.279739436	1404.25878725	0.0
140.319946344	1404.83837709	0.0
140.368972834	1405.47778139	0.0
140.413940485	1406.2507306	0.0
140.429519708	1407.183714	0.0
140.486999567	1407.96117982	0.0
140.522827203	1408.58434877	0.0
140.552154595	1409.35326967	0.0
140.547515925	1409.93725404	0.0
140.511444147	1410.66723451	0.0
140.487258965	1411.56152162	0.0
140.448120172	1412.90344057	0.0
140.427261406	1413.41369447	0.0
140.420715387	1414.00195131	0.0
140.408813532	1414.5809308	0.0
140.389160212	1415.45153627	0.0
140.372985896	1416.18115053	0.0
140.352218683	1417.15173158	0.0
140.329147394	1417.89355287	0.0
140.332122858	1418.75451478	0.0
140.326019342	1419.60290346	0.0
140.319534357	1420.45348939	0.0
140.315795954	1421.0028058	0.0
140.311721856	1421.64428529	0.0
140.307815607	1422.2437726	0.0
140.303817804	1422.80981263	0.0
140.299621637	1423.40807924	0.0
140.293838555	1424.29015932	0.0
140.289505061	1424.89416322	0.0
140.284866389	1425.54382142	0.0
140.270752008	1426.49365053	0.0
140.295867975	1427.44909487	0.0
140.308700616	1428.40014467	0.0
140.324188288	1429.49218568	0.0
140.334259089	1430.12939271	0.0
140.346618707	1430.92541322	0.0
140.359802301	1431.80724916	0.0
140.373962457	1432.70690736	0.0
140.389831598	1433.70373354	0.0
140.400283868	1434.37341127	0.0
140.415924126	1435.38720521	0.0
140.423645074	1435.89062319	0.0
140.43139654	1436.39526186	0.0
140.43139654	1437.08312807	0.0
140.457687433	1438.10851869	0.0
140.468231256	1438.79467592	0.0
140.479278618	1439.51281557	0.0
140.489929254	1440.16930971	0.0
140.49780279	1441.5229474	0.0
140.497467097	1442.4481183	0.0
140.49780279	1443.01293764	0.0
140.497955378	1443.73693666	0.0
140.497894341	1444.37585268	0.0
140.497604424	1445.02892885	0.0
140.497100885	1446.00781068	0.0
140.496826227	1446.9526349	0.0
140.49627691	1448.24865541	0.0
140.496078546	1449.23901185	0.0
140.496002251	1449.88220033	0.0
140.495834406	1450.54015932	0.0
140.495773371	1451.19054994	0.0
140.495727593	1451.84399232	0.0
140.495727593	1452.51476869	0.0
140.495864924	1453.21020326	0.0
140.496093806	1454.20178041	0.0
140.496337946	1454.80773744	0.0
140.496704156	1455.47448548	0.0
140.497009331	1456.12048158	0.0
140.497421319	1456.7807599	0.0
140.497848566	1457.44824037	0.0
140.498321587	1458.12365541	0.0
140.498840387	1458.63171205	0.0
140.499435479	1459.14074525	0.0
140.499862725	1459.66247377	0.0
140.500396783	1460.51098451	0.0
140.500732478	1461.02282533	0.0
140.501556451	1461.8765851	0.0
140.501739557	1462.37817201	0.0
140.501922663	1463.08679017	0.0
140.501983698	1464.0998517	0.0
140.501770073	1464.89745912	0.0
140.501419122	1465.54809389	0.0
140.501419122	1466.60717592	0.0
140.500427301	1467.14770326	0.0
140.500106867	1467.69274721	0.0
140.499633844	1468.21447572	0.0
140.49919134	1468.77160463	0.0
140.498565729	1469.47924623	0.0
140.498062188	1470.199339	0.0
140.497558649	1470.93493471	0.0
140.496627862	1472.05273256	0.0
140.49627691	1472.8041974	0.0
140.49601751	1473.55737123	0.0
140.495666559	1474.31310853	0.0
140.495468194	1475.08386049	0.0
140.495407158	1475.86291322	0.0
140.495330866	1476.96667299	0.0
140.495315607	1478.04430971	0.0
140.495300348	1478.84252748	0.0
140.495346125	1479.68566713	0.0
140.495391901	1480.89538393	0.0
140.495468195	1481.6936017	0.0
140.495559747	1482.54980287	0.0
140.495651299	1483.38476381	0.0
140.495727594	1484.64623842	0.0
140.495773371	1485.45422182	0.0
140.49578863	1486.32299623	0.0
140.495788629	1487.18310365	0.0
140.495727593	1488.5139142	0.0
140.495712335	1489.34264955	0.0
140.495742853	1490.2762433	0.0
140.495834406	1491.51110658	0.0
140.495925958	1492.28027162	0.0
140.496063287	1493.22472963	0.0
140.496460015	1494.57336244	0.0
140.496643121	1495.28246889	0.0
140.496856745	1495.89575013	0.0
140.497345027	1496.76989565	0.0
140.497711237	1497.64355287	0.0
140.498230035	1498.55248841	0.0
140.498794611	1499.41491518	0.0
140.499710137	1500.72595033	0.0
140.50032049	1501.59948549	0.0
140.500137383	1502.4559308	0.0
140.500366265	1503.70959291	0.0
140.501266534	1504.55602845	0.0
140.501159723	1505.2215558	0.0
140.500473077	1507.11572084	0.0
140.501449641	1508.27526674	0.0
140.50207525	1509.08239564	0.0
140.502655083	1509.91418275	0.0
140.503418023	1511.11987123	0.0
140.503921563	1511.94640932	0.0
140.511795098	1512.73901186	0.0
140.497619685	1513.33605775	0.0
140.486908014	1513.92089662	0.0
140.478118952	1514.50012025	0.0
140.469574029	1515.09069643	0.0
140.461135918	1515.66918764	0.0
140.4437409	1516.82470521	0.0
140.435058648	1517.39660463	0.0
140.426422175	1517.96618471	0.0
140.417556817	1518.55151186	0.0
140.40896612	1519.12048158	0.0
140.39585882	1519.99011049	0.0
140.388183649	1520.49645815	0.0
140.379165704	1521.09216127	0.0
140.364685114	1522.04894838	0.0
140.355972346	1522.62585268	0.0
140.341339166	1523.58947572	0.0
140.320663508	1524.50890932	0.0
140.323013361	1525.26745424	0.0
140.325866753	1526.02770815	0.0
140.327011163	1527.10290346	0.0
140.327987725	1527.79418764	0.0
140.329101618	1528.48669252	0.0
140.33107	1529.55285463	0.0
140.332382257	1530.23461733	0.0
140.333648736	1530.88842592	0.0
140.334793146	1531.52062806	0.0
140.336090142	1532.27514467	0.0
140.337066705	1532.8420392	0.0
140.338211114	1533.46264467	0.0
140.339889581	1534.46935853	0.0
140.340942437	1535.12096986	0.0
140.342514094	1536.11511049	0.0
140.343582209	1536.77367982	0.0
140.344665582	1537.43066225	0.0
140.346298273	1538.41784487	0.0
140.347305352	1539.04540834	0.0
140.34835821	1539.66528139	0.0
140.349945123	1540.59728822	0.0
140.351059016	1541.25146302	0.0
140.35212713	1541.87512025	0.0
140.353118952	1542.45702943	0.0
140.354248102	1543.14282045	0.0
140.355194147	1543.7071515	0.0
140.356262262	1544.34924135	0.0
140.357299859	1544.9637433	0.0
140.358383233	1545.61828432	0.0
140.359436091	1546.26489076	0.0
140.36106878	1547.22753725	0.0
140.362182673	1547.87792787	0.0
140.363281304	1548.49670228	0.0
140.365020807	1549.45947084	0.0
140.366256769	1550.08459291	0.0
140.367538507	1550.72143373	0.0
140.369476374	1551.68774233	0.0
140.370742853	1552.31310853	0.0
140.374557549	1552.96594057	0.0
140.364212092	1554.40771302	0.0
140.36070257	1554.93847475	0.0
140.356643731	1555.55102357	0.0
140.352279718	1556.15954408	0.0
140.347915703	1556.75219545	0.0
140.340911921	1557.68957338	0.0
140.341903741	1558.29662904	0.0
140.32781988	1558.89355287	0.0
140.312500056	1559.76208315	0.0
140.303634699	1560.32470522	0.0
140.293930109	1560.92492494	0.0
140.279876763	1561.77697572	0.0
140.270340022	1562.35278138	0.0
140.260788018	1562.9312726	0.0
140.252029474	1563.46313295	0.0
140.240814264	1564.14172182	0.0
140.227951105	1564.92223939	0.0
140.220245416	1565.49181947	0.0
140.217330988	1566.04528627	0.0
140.184219414	1566.5965558	0.0
140.149826104	1567.39684877	0.0
140.128738458	1567.93688783	0.0
140.108352716	1568.44201478	0.0
140.076736505	1569.2092267	0.0
140.047714289	1569.91198549	0.0
140.011276301	1570.80126772	0.0
139.984771783	1571.45129213	0.0
139.956649836	1572.14660463	0.0
139.934051569	1572.70287904	0.0
139.892684991	1573.72692689	0.0
139.866928155	1574.36474428	0.0
139.841476496	1574.99682435	0.0
139.819107111	1575.5476056	0.0
139.798080499	1576.06579408	0.0
139.766265924	1576.8489972	0.0
139.744781549	1577.37646303	0.0
139.717636163	1578.04247865	0.0
139.690155083	1578.71630678	0.0
139.657226618	1579.52709779	0.0
139.624511773	1580.32653627	0.0
139.597091729	1580.99157533	0.0
139.56886297	1581.6746808	0.0
139.540634209	1582.35912904	0.0
139.521469171	1583.05895814	0.0
139.477279719	1583.88390932	0.0
139.442306575	1584.72973451	0.0
139.417785699	1585.32690248	0.0
139.388610894	1586.04443178	0.0
139.340835627	1587.21618471	0.0
139.313156183	1587.89892396	0.0
139.273391778	1588.87682924	0.0
139.243301446	1589.59741029	0.0
139.213455256	1590.33312807	0.0
139.188369805	1590.93993959	0.0
139.160751397	1591.60668764	0.0
139.129318291	1592.36242494	0.0
139.103454644	1592.98986635	0.0
139.082824762	1593.49059877	0.0
139.058639582	1594.08007631	0.0
139.03634649	1594.62341127	0.0
139.006225642	1595.14880189	0.0
139.006805475	1595.692381	0.0
138.993789728	1596.2260724	0.0
138.97436529	1596.74755677	0.0
138.967193658	1597.3465558	0.0
139.030822809	1597.85339174	0.0
139.076232965	1598.46520814	0.0
139.125137384	1599.19714174	0.0
139.155242976	1599.71984682	0.0
139.225402887	1600.35925111	0.0
139.355728204	1600.9000226	0.0
139.506073053	1601.68676576	0.0
139.626663263	1602.29955873	0.0
139.728653009	1602.84753237	0.0
139.939590508	1603.56457338	0.0
140.213790948	1604.09716615	0.0
140.455017145	1604.65258607	0.0
140.789581353	1605.13281068	0.0
141.051010187	1605.57409486	0.0
141.453399714	1606.0595685	0.0
141.856109675	1606.42382631	0.0
142.243377741	1606.81994447	0.0
142.711959893	1607.16784486	0.0
143.242538507	1607.45568666	0.0
143.755386407	1607.64452943	0.0
144.285461481	1607.90234193	0.0
144.895752008	1608.05602846	0.0
145.48405462	1608.10986146	0.0
146.230087336	1608.23254213	0.0
146.729858453	1608.25683412	0.0
147.295364436	1608.31445131	0.0
147.925811824	1608.37463197	0.0
148.443435723	1608.42040834	0.0
148.94575506	1608.45153627	0.0
149.540329035	1608.49938783	0.0
150.16867071	1608.53771791	0.0
150.675994928	1608.58190736	0.0
151.424957331	1608.57873353	0.0
152.023300225	1608.58312806	0.0
152.538131769	1608.5562726	0.0
153.112625176	1608.54492006	0.0
153.683975274	1608.54199037	0.0
154.28283697	1608.53381166	0.0
154.878845269	1608.52721986	0.0
155.490524347	1608.52075014	0.0
155.998992976	1608.51562319	0.0
156.751510676	1608.52075014	0.0
157.331893975	1608.52392396	0.0
157.949493463	1608.5283185	0.0
158.61259466	1608.54223451	0.0
159.17735296	1608.52099428	0.0
159.87908941	1608.51769838	0.0
160.468734796	1608.51232729	0.0
161.391845759	1608.50366029	0.0
162.016861018	1608.49755678	0.0
162.878448542	1608.49267396	0.0
163.436874445	1608.41821107	0.0
164.048980767	1608.38451967	0.0
164.659240778	1608.29748354	0.0
165.291091975	1608.2281476	0.0
165.909591729	1608.16796693	0.0
166.670440728	1608.0352765	0.0
167.257232721	1607.95397768	0.0
167.980896051	1607.82238588	0.0
168.681411798	1607.69970521	0.0
169.256195124	1607.59716615	0.0
169.857757624	1607.48888978	0.0
170.601471002	1607.3634015	0.0
171.170806939	1607.22778138	0.0
171.762756403	1607.03674135	0.0
172.411315972	1606.86303529	0.0
173.24705511	1606.58007631	0.0
173.807586726	1606.27697572	0.0
174.498703057	1605.84277162	0.0
175.064392146	1605.50964174	0.0
175.600647028	1605.19079408	0.0
176.098022516	1604.8597394	0.0
176.502502497	1604.51000795	0.0
176.829803523	1604.12682924	0.0
177.363067681	1603.51293764	0.0
177.753768977	1603.09521302	0.0
178.080215508	1602.70117006	0.0
178.388305719	1602.21117982	0.0
178.745269829	1601.73229799	0.0
179.0525971	1601.23034487	0.0
179.387252863	1600.64550599	0.0
179.781723077	1599.98888979	0.0
179.993774469	1599.45666322	0.0
180.20040899	1598.95495424	0.0
180.483169611	1598.32226381	0.0
180.660522515	1597.74035463	0.0
180.81068426	1596.93444643	0.0
180.961669978	1596.28515444	0.0
181.112533625	1595.64489564	0.0
181.225479182	1595.02490053	0.0
181.240676936	1594.19543275	0.0
181.327560479	1593.58068666	0.0
181.384185847	1592.94238099	0.0
181.433685357	1592.38525209	0.0
181.470016533	1591.87646303	0.0
181.476471002	1591.3218976	0.0
181.518997246	1590.63158998	0.0
181.509750421	1590.08886537	0.0
181.523101863	1589.3231183	0.0
181.535476741	1588.35400209	0.0
181.549667414	1587.79382142	0.0
181.56143194	1587.22338686	0.0
181.576080377	1586.53918275	0.0
181.589950617	1585.91308412	0.0
181.605728204	1585.19250307	0.0
181.621368464	1584.46691713	0.0
181.634445246	1583.85302553	0.0
181.638031061	1583.21642885	0.0
181.634628351	1582.6154767	0.0
181.621765191	1581.81225404	0.0
181.611099298	1581.16589174	0.0
181.598556574	1580.50512514	0.0
181.586059625	1579.83666811	0.0
181.576141413	1579.31139955	0.0
181.5659638	1578.76708803	0.0
181.554977472	1578.02209291	0.0
181.560958917	1577.34814271	0.0
181.558700616	1576.75988588	0.0
181.558624323	1576.24719057	0.0
181.559234675	1575.71606264	0.0
181.55398565	1575.07702455	0.0
181.571533258	1574.55676088	0.0
181.581604059	1574.04467592	0.0
181.592819269	1573.35839662	0.0
181.603073174	1572.82494935	0.0
181.616882379	1572.11462221	0.0
181.627533014	1571.56262025	0.0
181.640121515	1570.91137514	0.0
181.65013128	1570.38769349	0.0
181.660583552	1569.83581361	0.0
181.666046197	1569.27026186	0.0
181.685684259	1568.50549135	0.0
181.693084772	1567.90502748	0.0
181.710571343	1567.17260561	0.0
181.716186578	1566.65014467	0.0
181.740463311	1566.00878724	0.0
181.727478083	1565.4670392	0.0
181.71806341	1564.80517396	0.0
181.715133722	1564.19555482	0.0
181.710327204	1563.58227358	0.0
181.702011164	1562.66137514	0.0
181.695938165	1561.98022279	0.0
181.687713679	1561.05322084	0.0
181.682357842	1560.46398744	0.0
181.677093561	1559.89062318	0.0
181.670608576	1559.17980775	0.0
181.663833672	1558.45458803	0.0
181.654327447	1557.46264467	0.0
181.648391779	1556.84435854	0.0
181.639511163	1555.94726381	0.0
181.636123713	1555.19994935	0.0
181.643158015	1554.68969545	0.0
181.64611822	1553.95336732	0.0
181.649139458	1553.30370912	0.0
181.653305108	1552.55615053	0.0
181.65769964	1551.80529604	0.0
181.661605891	1551.1746808	0.0
181.665649469	1550.52709779	0.0
181.670501765	1549.75341615	0.0
181.675674494	1548.95825014	0.0
181.67900091	1548.44604311	0.0
181.682724054	1547.86645326	0.0
181.687484796	1547.10912904	0.0
181.692092949	1546.36474428	0.0
181.695205743	1545.86474428	0.0
181.698501643	1545.32324037	0.0
181.701767023	1544.786131	0.0
181.701767023	1544.26452455	0.0
181.707870538	1543.73083314	0.0
181.711166437	1543.19958314	0.0
181.714584406	1542.62512025	0.0
181.718231256	1541.95092592	0.0
181.723999078	1540.85449037	0.0
181.728408868	1540.14367494	0.0
181.732055719	1539.53820619	0.0
181.735778863	1538.93481264	0.0
181.737747247	1537.71691713	0.0
181.746444757	1537.14575014	0.0
181.750747735	1536.48498353	0.0
181.755065972	1535.8153058	0.0
181.759155327	1535.13439759	0.0
181.76252752	1534.50536928	0.0
181.767501886	1533.49560365	0.0
181.769805963	1532.95605287	0.0
181.77388006	1532.12866029	0.0
181.779174859	1531.15405092	0.0
181.779174859	1530.6479474	0.0
181.785583551	1529.84728822	0.0
181.791153009	1528.89355287	0.0
181.795364434	1528.23180971	0.0
181.799331719	1527.58849916	0.0
181.802871758	1527.0130597	0.0
181.802871758	1526.31176576	0.0
181.81091314	1525.80895814	0.0
181.815292412	1525.15673646	0.0
181.821487482	1524.24731264	0.0
181.82757574	1523.35595522	0.0
181.831588799	1522.75658998	0.0
181.837204035	1521.89086732	0.0
181.842849786	1521.02160463	0.0
181.847457941	1520.30395326	0.0
181.854568536	1519.16369447	0.0
181.857788141	1518.62389955	0.0
181.860992487	1518.08666811	0.0
181.866409356	1517.1088849	0.0
181.871887262	1516.06616029	0.0
181.875671441	1515.35742006	0.0
181.879699763	1514.61157045	0.0
181.884689386	1513.70422182	0.0
181.888580376	1513.05517396	0.0
181.892318781	1512.44763002	0.0
181.896209771	1511.86804018	0.0
181.901260432	1511.11926088	0.0
181.904861505	1510.58056459	0.0
181.908935603	1509.93188295	0.0
181.913833672	1509.13146791	0.0
181.917587336	1508.49645814	0.0
181.921005304	1507.88732729	0.0
181.926116998	1507.15881166	0.0
181.92747503	1506.6187726	0.0
181.932754572	1505.96569643	0.0
181.935363824	1505.40258608	0.0
181.939727839	1504.70629701	0.0
181.944046076	1503.99328432	0.0
181.948181207	1503.26074037	0.0
181.950668389	1502.75707826	0.0
181.954452569	1502.04382143	0.0
181.957382256	1501.47253236	0.0
181.962326104	1500.52721986	0.0
181.966369683	1499.79052553	0.0
181.971695001	1498.84142885	0.0
181.975463922	1498.13610658	0.0
181.980606135	1497.183714	0.0
181.984390314	1496.47790346	0.0
181.989151055	1495.53783998	0.0
181.992691095	1494.85241517	0.0
181.997573908	1493.88720521	0.0
181.99993902	1493.38451967	0.0
182.004013115	1492.54589662	0.0
182.007186946	1491.85851869	0.0
182.011444146	1490.97314271	0.0
182.014373833	1490.3140851	0.0
182.018478449	1489.43859681	0.0
182.02148443	1488.69335756	0.0
182.024841365	1487.96215638	0.0
182.027618464	1487.3288556	0.0
182.030914362	1486.58141908	0.0
182.034606988	1485.68102846	0.0
182.037765557	1484.98827943	0.0
182.040267999	1484.47143373	0.0
182.044357356	1483.61059389	0.0
182.047500665	1482.973631	0.0
182.052078302	1482.14941224	0.0
182.055877741	1481.51440248	0.0
182.060730035	1480.64880189	0.0
182.064956721	1480.01000795	0.0
182.069137629	1479.36474428	0.0
182.072814997	1478.79138002	0.0
182.076126154	1478.21142397	0.0
182.079864556	1477.55920229	0.0
182.083786066	1476.89282045	0.0
182.086731013	1476.24181947	0.0
182.090148981	1475.59374818	0.0
182.092117366	1474.74743471	0.0
182.098938043	1474.13305482	0.0
182.103256281	1473.31066713	0.0
182.106643733	1472.76537904	0.0
182.110763605	1472.1335431	0.0
182.117919978	1471.17577943	0.0
182.122039849	1470.59814271	0.0
182.126556451	1469.94042787	0.0
182.131622369	1469.07787904	0.0
182.135116633	1468.45178041	0.0
182.139862117	1467.57775697	0.0
182.143249567	1466.92236146	0.0
182.146163995	1466.36279115	0.0
182.148346002	1465.59350404	0.0
182.153137262	1464.89855775	0.0
182.15820318	1463.7963849	0.0
182.160949761	1463.15112123	0.0
182.161895806	1462.46972475	0.0
182.164474542	1461.70117006	0.0
182.211792046	1461.10742006	0.0
182.392425591	1460.27380189	0.0
182.531845149	1459.70239076	0.0
182.710723931	1458.91222963	0.0
182.849319513	1458.32458315	0.0
182.992385919	1457.72643861	0.0
183.197052058	1456.8720685	0.0
183.33285528	1456.30407533	0.0
183.452514703	1455.80187807	0.0
183.600402887	1455.1824933	0.0
183.676269587	1454.567381	0.0
183.897628838	1453.9390851	0.0
184.055343684	1453.30871401	0.0
184.160903985	1452.66955385	0.0
184.286514337	1451.78515443	0.0
184.375534114	1451.23095521	0.0
184.515731866	1450.3321515	0.0
184.614288384	1449.69103822	0.0
184.731720026	1448.9259015	0.0
184.817306572	1448.36852846	0.0
184.913971003	1447.73705873	0.0
185.00573736	1447.13793764	0.0
185.105056818	1446.54894838	0.0
185.17509466	1445.97289857	0.0
185.200805719	1445.18664369	0.0
185.244430596	1444.58715639	0.0
185.292633111	1443.87939272	0.0
185.342102106	1443.10680971	0.0
185.376205499	1442.57409487	0.0
185.41690069	1441.93762025	0.0
185.461959895	1441.22888002	0.0
185.494705256	1440.71508608	0.0
185.526458795	1440.21545229	0.0
185.580368097	1439.48815736	0.0
185.572235162	1438.97619447	0.0
185.58323675	1438.36291322	0.0
185.599502619	1437.72631654	0.0
185.616958674	1436.88220033	0.0
185.62907415	1436.27685365	0.0
185.645004328	1435.49096498	0.0
185.656646784	1434.92053041	0.0
185.669265803	1434.27026185	0.0
185.687988336	1433.6311017	0.0
185.709671076	1432.7717267	0.0
185.726364191	1432.12707338	0.0
185.742981012	1431.49133119	0.0
185.760177667	1430.84667787	0.0
185.780441339	1430.074339	0.0
185.794784601	1429.54162416	0.0
185.813293511	1428.85229311	0.0
185.831451472	1428.17077455	0.0
185.853408869	1427.32226381	0.0
185.867660578	1426.77160463	0.0
185.883575494	1426.16332826	0.0
185.901855524	1425.44714174	0.0
185.92080694	1424.70324525	0.0
185.933639581	1424.19799623	0.0
185.94639593	1423.69408998	0.0
185.967132623	1423.19445619	0.0
185.963378962	1422.46471986	0.0
185.973571832	1421.49804506	0.0
185.976242121	1420.89159975	0.0
185.98820501	1420.19006166	0.0
185.995376642	1419.54455385	0.0
185.999786431	1418.90490541	0.0
186.013336237	1417.99938783	0.0
186.019989068	1417.30944642	0.0
186.026840264	1416.65881166	0.0
186.033508356	1415.97424134	0.0
186.040084894	1415.29040346	0.0
186.045532282	1414.61901674	0.0
186.052917534	1413.72839174	0.0
186.057693536	1413.04492006	0.0
186.064819392	1412.21264467	0.0
186.069656426	1411.66113099	0.0
186.075378472	1411.114256	0.0
186.08096319	1410.5821515	0.0
186.086807307	1410.03198061	0.0
186.09205633	1409.52441225	0.0
186.10313421	1408.74450502	0.0
186.109298762	1408.2137433	0.0
186.11750799	1407.53478822	0.0
186.127029474	1406.73669252	0.0
186.138870294	1405.81371889	0.0
186.146575983	1405.09728822	0.0
186.160553033	1403.72900209	0.0
186.166915949	1403.02258119	0.0
186.176208551	1402.03552064	0.0
186.183700616	1401.29003725	0.0
186.191238458	1400.5686017	0.0
186.200836236	1399.58605775	0.0
186.206115777	1399.0854474	0.0
186.212783868	1398.45068178	0.0
186.2194367	1397.84472475	0.0
186.22763067	1397.09130678	0.0
186.236053522	1396.35070619	0.0
186.24655157	1395.42761049	0.0
186.256546076	1394.46545229	0.0
186.263855036	1393.81847963	0.0
186.277359064	1393.21630678	0.0
186.263427789	1392.49365052	0.0
186.259231623	1391.77184877	0.0
186.255905207	1391.06176576	0.0
186.259460504	1390.36401186	0.0
186.250488336	1389.49767885	0.0
186.153640802	1388.8666974	0.0
186.108917292	1388.15478334	0.0
186.070663508	1387.58801088	0.0
186.020431575	1386.85510072	0.0
185.981231745	1386.28368959	0.0
185.937667902	1385.53942689	0.0
185.889450127	1384.98962221	0.0
185.758453425	1384.24780092	0.0
185.678543145	1383.66125307	0.0
185.586792047	1383.00646791	0.0
185.504562433	1382.43749818	0.0
185.432556207	1381.88659486	0.0
185.320907648	1381.35021791	0.0
185.152847344	1380.83495912	0.0
184.928299005	1380.17614564	0.0
184.691848809	1379.42565736	0.0
184.474456843	1378.7593976	0.0
184.234527643	1378.12170229	0.0
184.047790581	1377.56359682	0.0
183.714736994	1376.77123842	0.0
183.442443903	1376.27587709	0.0
183.098053034	1375.80639467	0.0
182.694824275	1375.25109682	0.0
182.378372246	1374.7976056	0.0
181.951446588	1374.19384584	0.0
181.502227839	1373.5797101	0.0
181.122802789	1373.15209779	0.0
180.547164971	1372.6134015	0.0
180.118179376	1372.18237123	0.0
179.555618341	1371.61254701	0.0
178.958999689	1371.11401185	0.0
178.277435359	1370.68346987	0.0
177.366607721	1370.23486147	0.0
176.848144587	1369.96508607	0.0
176.268646294	1369.66674623	0.0
175.723251398	1369.37951479	0.0
175.152175958	1369.12817201	0.0
174.564254815	1368.93481264	0.0
173.955337579	1368.79028139	0.0
173.231796319	1368.5875226	0.0
172.745636042	1368.44848451	0.0
171.838699395	1368.21362123	0.0
171.241867121	1368.12866029	0.0
170.292480524	1368.07946596	0.0
169.721725518	1368.02465639	0.0
169.08335882	1367.96264467	0.0
168.495376641	1367.93176088	0.0
167.887100275	1367.93395814	0.0
167.297851618	1367.90991029	0.0
166.527313286	1367.88464174	0.0
165.954345759	1367.8679181	0.0
165.367019707	1367.84594545	0.0
164.674896294	1367.82580385	0.0
164.169967707	1367.80883607	0.0
163.624755914	1367.80676088	0.0
163.066085871	1367.79858217	0.0
162.4800263	1367.78845033	0.0
161.884292658	1367.77636537	0.0
161.121215874	1367.77490053	0.0
160.544220027	1367.80151185	0.0
159.792999321	1367.81994447	0.0
159.012435968	1367.83495912	0.0
158.405487115	1367.848631	0.0
157.790603692	1367.86327943	0.0
156.971435602	1367.88305483	0.0
156.386825617	1367.89697084	0.0
155.537704522	1367.92651186	0.0
154.922668511	1367.90710267	0.0
154.116958673	1367.90441713	0.0
153.525680596	1367.90173158	0.0
152.767471369	1367.90600404	0.0
152.225708064	1367.88085756	0.0
151.521072443	1367.82421693	0.0
150.956131036	1367.79296693	0.0
150.159332331	1367.75439272	0.0
149.429168757	1367.65478334	0.0
148.907074029	1367.60143861	0.0
148.324859673	1367.52929506	0.0
147.755523736	1367.39440737	0.0
147.081314142	1367.27770814	0.0
146.510711726	1367.1076642	0.0
145.945556695	1366.93285951	0.0
145.375854546	1366.75964174	0.0
144.783554132	1366.54028139	0.0
144.009552057	1366.27697572	0.0
143.489776666	1366.10302553	0.0
142.977966363	1365.90344057	0.0
142.189987238	1365.60473451	0.0
141.439270074	1365.28112611	0.0
140.761688288	1364.99108705	0.0
140.172073419	1364.74023256	0.0
139.698394831	1364.4925519	0.0
138.97396856	1364.14452944	0.0
138.553207453	1363.86315736	0.0
138.108123835	1363.60241518	0.0
137.676300104	1363.33337221	0.0
137.263031061	1363.04333314	0.0
136.838150078	1362.76769838	0.0
136.399948174	1362.4793683	0.0
135.96263128	1362.19628724	0.0
135.4013825	1361.79040346	0.0
134.9699555	1361.47314272	0.0
134.534561211	1361.17443666	0.0
134.061874444	1360.78881654	0.0
133.613174493	1360.33532533	0.0
133.272735651	1359.93090639	0.0
132.903472955	1359.51574525	0.0
132.528320367	1359.10058412	0.0
132.034210261	1358.54553041	0.0
131.666992242	1358.14184389	0.0
131.335525569	1357.7507306	0.0
131.047637995	1357.32079896	0.0
130.695312555	1356.78967104	0.0
130.350143488	1356.22204408	0.0
130.034271296	1355.43725404	0.0
129.841751153	1354.91259584	0.0
129.700317439	1354.33569155	0.0
129.540924127	1353.75646791	0.0
129.371353204	1353.19079408	0.0
129.222396905	1352.4312726	0.0
129.125534112	1351.85522279	0.0
129.007003839	1351.29211244	0.0
128.92459112	1350.57922181	0.0
128.821243341	1349.65026674	0.0
128.794387872	1349.01476869	0.0
128.783447321	1348.40624818	0.0
128.774581963	1347.82250795	0.0
128.766906794	1347.0998517	0.0
128.715362603	1346.53027162	0.0
128.689239557	1345.99914369	0.0
128.648544366	1345.29784974	0.0
128.559188898	1344.30676088	0.0
128.475738581	1343.65112123	0.0
128.458404595	1343.14513979	0.0
128.36372381	1342.64489564	0.0
128.283660945	1341.94872865	0.0
128.219345148	1341.38940248	0.0
128.119522149	1340.6257306	0.0
128.033538874	1340.01989565	0.0
127.952644404	1339.418089	0.0
127.877426201	1338.85815248	0.0
127.80136114	1338.29772768	0.0
127.722778375	1337.71789369	0.0
127.655479486	1337.21740541	0.0
127.584152277	1336.6467267	0.0
127.483589228	1336.02599916	0.0
127.336685235	1335.35680971	0.0
127.217140254	1334.70739564	0.0
127.074058588	1333.97472963	0.0
126.972694451	1333.44518861	0.0
126.778938348	1332.61730775	0.0
126.621383722	1332.043089	0.0
126.462074335	1331.41906557	0.0
126.327568109	1330.90539369	0.0
126.262237603	1330.39330873	0.0
126.043312128	1329.82018861	0.0
125.859916743	1329.12267884	0.0
125.696258599	1328.47045717	0.0
125.522773798	1327.92175111	0.0
125.353424127	1327.36010561	0.0
125.037826593	1326.29809389	0.0
124.834060723	1325.59496889	0.0
124.646438654	1325.06457338	0.0
124.394027765	1324.35449037	0.0
124.205688531	1323.79919252	0.0
123.966133172	1323.09850893	0.0
123.788589533	1322.5887433	0.0
123.53534704	1321.85973939	0.0
123.339424187	1321.29003724	0.0
123.339424187	1320.76440248	0.0
122.905006464	1320.02429018	0.0
122.634758051	1319.24133119	0.0
122.431076104	1318.65026674	0.0
122.156707819	1317.85473451	0.0
121.947654779	1317.25134095	0.0
121.665557917	1316.43591127	0.0
121.464561518	1315.84338197	0.0
121.210273799	1315.14086733	0.0
121.030494746	1314.65514955	0.0
120.689178521	1313.7338849	0.0
120.478454645	1313.1557599	0.0
120.263893182	1312.56371889	0.0
119.973854121	1311.84789857	0.0
119.661727961	1311.0521222	0.0
119.436889703	1310.47241029	0.0
119.216644342	1309.89636049	0.0
118.987037714	1309.34374818	0.0
118.727806146	1308.7918683	0.0
118.527389582	1308.33202943	0.0
118.312347466	1307.83251771	0.0
118.093185479	1307.3342267	0.0
117.78144842	1306.62536439	0.0
117.542877253	1306.09350405	0.0
117.290748651	1305.52258119	0.0
116.93780523	1304.72375307	0.0
116.64863592	1304.06371889	0.0
116.449348505	1303.17504702	0.0
116.040802057	1302.69164858	0.0
115.751167352	1302.03173646	0.0
115.386917169	1301.19701967	0.0
114.934585626	1300.16882143	0.0
114.581581171	1299.3634015	0.0
114.287750299	1298.69933901	0.0
114.041969355	1298.14440736	0.0
113.79933935	1297.59472475	0.0
113.552742059	1297.036131	0.0
113.254020745	1296.36083803	0.0
112.908989007	1295.57983217	0.0
112.701095636	1295.10912904	0.0
112.497688348	1294.64806947	0.0
112.204299981	1293.98461733	0.0
111.921333368	1293.32922181	0.0
111.604660089	1292.6479474	0.0
111.386566217	1292.16674623	0.0
111.076065118	1291.48180971	0.0
110.777740533	1290.82055483	0.0
110.383529719	1289.98974428	0.0
109.947708186	1289.13610658	0.0
109.529083308	1288.29394349	0.0
109.223472651	1287.67272767	0.0
108.821762141	1286.91967592	0.0
108.521667534	1286.34850892	0.0
108.201881463	1285.7380353	0.0
107.887992913	1285.14196596	0.0
107.573875482	1284.54650697	0.0
107.211853083	1283.85986146	0.0
106.905601556	1283.27941713	0.0
106.590827996	1282.68298158	0.0
106.345916802	1282.2191144	0.0
106.080787714	1281.71606264	0.0
105.76807409	1281.12316713	0.0
105.488090571	1280.59301576	0.0
105.252258355	1280.14599428	0.0
104.999809319	1279.66711244	0.0
104.703483636	1279.10485658	0.0
104.315246637	1278.36169252	0.0
103.989532525	1277.79235658	0.0
103.586387689	1277.05529603	0.0
103.185195978	1276.32568178	0.0
102.787567193	1275.59374819	0.0
102.546005304	1275.10729798	0.0
102.21150213	1274.46667299	0.0
101.908958489	1273.88305482	0.0
101.663459833	1273.40649233	0.0
101.41992956	1272.91442689	0.0
101.147293145	1272.45165834	0.0
100.871833857	1271.96288881	0.0
100.60464483	1271.47863588	0.0
100.295494135	1270.92297181	0.0
100.036308342	1270.45825013	0.0
99.7041245056	1269.8634015	0.0
99.3137589053	1269.16332826	0.0
99.0518723082	1268.69445619	0.0
98.7918472848	1268.22778139	0.0
98.4577560971	1267.62719545	0.0
98.20796209	1267.17968568	0.0
98.032081658	1266.54870424	0.0
97.5979614799	1266.08227357	0.0
97.2551575258	1265.46594057	0.0
96.9892654961	1264.98962221	0.0
96.7401657645	1264.54223451	0.0
96.496192987	1264.10400209	0.0
96.2294464663	1263.62426576	0.0
95.9699860165	1263.15966615	0.0
95.7101669851	1262.69445619	0.0
95.4375076837	1262.20727357	0.0
95.1527557913	1261.69848451	0.0
94.7842331484	1261.04076967	0.0
94.5104752135	1260.55163393	0.0
94.1311569773	1259.87426576	0.0
93.7634735657	1259.2338849	0.0
93.5179672781	1258.75927553	0.0
93.2889938898	1258.26342592	0.0
92.877166804	1257.45763978	0.0
92.6617050721	1256.99206361	0.0
92.4657745901	1256.52636537	0.0
92.2485809866	1256.04919252	0.0
91.9617004938	1255.41052064	0.0
91.7317276555	1254.89648256	0.0
91.509285028	1254.38647279	0.0
91.2342682441	1253.72863588	0.0
90.9818878734	1253.14123353	0.0
90.7672501155	1252.63732729	0.0
90.4837112986	1251.97241029	0.0
90.266578729	1251.46227846	0.0
89.968353327	1250.76220521	0.0
89.7007141665	1250.13378724	0.0
89.4080277044	1249.44738588	0.0
89.1903915961	1248.93591127	0.0
88.8368835999	1248.10571107	0.0
88.6274643495	1247.614256	0.0
88.3695831859	1247.00976381	0.0
88.1070175709	1246.39379701	0.0
87.8766022284	1245.85339174	0.0
87.6459503726	1245.31262025	0.0
87.4922333311	1244.77990541	0.0
87.1897430966	1244.24474916	0.0
86.9522934503	1243.68957338	0.0
86.7117386405	1243.12634096	0.0
86.3371811456	1242.24938783	0.0
86.1289673404	1241.76110658	0.0
85.9032135559	1241.23217592	0.0
85.6839600155	1240.71667299	0.0
85.4662094656	1240.20568666	0.0
85.2520752504	1239.70031557	0.0
84.9771500192	1239.05370912	0.0
84.706489618	1238.41760072	0.0
84.5121079046	1237.93774232	0.0
84.3032913746	1237.48046693	0.0
84.2279129574	1236.93188295	0.0
83.7069397532	1236.50182924	0.0
83.3500366762	1235.89172181	0.0
83.0731354306	1235.42675599	0.0
82.7854919974	1234.96728334	0.0
82.4311600271	1234.27673158	0.0
82.1429215028	1233.75256166	0.0
81.839202936	1233.19604311	0.0
81.4712067198	1232.51977357	0.0
81.1837616517	1231.98962221	0.0
80.7593536916	1231.21130189	0.0
80.4587860659	1230.65710267	0.0
80.1304321847	1230.05383119	0.0
79.7449570241	1229.34277162	0.0
79.4026794974	1228.71264467	0.0
78.9970856252	1227.96215639	0.0
78.6510086605	1227.32409486	0.0
78.4666138248	1226.44421205	0.0
77.8648987362	1225.87463197	0.0
77.5635376523	1225.3198224	0.0
77.4965820856	1224.55358705	0.0
76.9100113458	1224.12377748	0.0
76.5291519709	1223.42822084	0.0
76.2674103333	1222.94970521	0.0
75.9409561717	1222.35375795	0.0
75.4660416193	1221.48559389	0.0
75.1223450252	1220.85742006	0.0
74.7654800966	1220.20226869	0.0
74.3798370913	1219.49438295	0.0
73.9952698292	1218.78808412	0.0
73.6180344166	1218.09496889	0.0
73.302429254	1217.51501283	0.0
72.9869690481	1216.93664369	0.0
72.6075592579	1216.23950014	0.0
72.6075592579	1215.48119935	0.0
72.0419540965	1215.19824037	0.0
71.7426300604	1214.64733705	0.0
71.4546280462	1214.11645326	0.0
71.287925775	1213.52660951	0.0
70.8244705746	1212.95812806	0.0
70.5235062199	1212.40295228	0.0
70.2774506176	1211.94946107	0.0
69.8190155576	1211.10644349	0.0
69.4484177181	1210.43078432	0.0
69.1383514957	1209.85827455	0.0
68.6804657538	1209.01647767	0.0
68.2208405099	1208.17272767	0.0
67.5985184268	1207.03259096	0.0
67.1915360042	1206.28710756	0.0
66.7559128356	1205.49035463	0.0
66.4663620552	1204.94347963	0.0
66.1544876641	1204.41247377	0.0
65.8661881041	1203.90637025	0.0
65.5634384712	1203.36962709	0.0
65.1268311105	1202.59716615	0.0
64.6885910587	1201.82226381	0.0
64.1721802312	1200.9090558	0.0
63.7280350278	1200.12377748	0.0
63.2989616942	1199.36462221	0.0
62.8590202887	1198.58630189	0.0
62.2595062799	1197.52636537	0.0
61.982124383	1197.03564272	0.0
61.6765938353	1196.49548158	0.0
61.3659592218	1195.94616518	0.0
61.0587578365	1195.40258608	0.0
60.6519585199	1194.68188295	0.0
60.1714439933	1193.83068666	0.0
59.8498421275	1193.26025209	0.0
59.3606873116	1192.39233217	0.0
59.1106339041	1191.94860658	0.0
58.860359246	1191.50512513	0.0
58.5323296135	1190.9234601	0.0
58.021408137	1190.01855287	0.0
57.6776199901	1189.40991029	0.0
56.8561478202	1187.95654115	0.0
56.5703392574	1187.4514142	0.0
56.2344818661	1186.85790834	0.0
55.7537308286	1186.00793276	0.0
55.433052118	1185.44079408	0.0
55.1077919548	1184.86584291	0.0
54.613941248	1183.99255189	0.0
54.2666130617	1183.37853822	0.0
53.9500961844	1182.81847963	0.0
53.6129685002	1182.22204408	0.0
53.3598633357	1181.77441225	0.0
52.9695168099	1181.08410463	0.0
52.4666672309	1180.19470033	0.0
52.1380844665	1179.61523256	0.0
51.5096550545	1178.5061017	0.0
51.1428490235	1177.85961732	0.0
50.7401276177	1177.15160951	0.0
50.2504540034	1176.29028139	0.0
49.9239883975	1175.71630678	0.0
49.6153450554	1175.1746808	0.0
49.1495972241	1174.35619936	0.0
48.6840439396	1173.53771791	0.0
48.2141800481	1172.71179018	0.0
47.8956909737	1172.1500226	0.0
47.5788269586	1171.59179506	0.0
47.1927300057	1170.91161928	0.0
46.81847387	1170.25146303	0.0
46.4967880801	1169.68334779	0.0
46.0825806221	1168.95214662	0.0
45.7086372919	1168.29125795	0.0
45.3186531625	1167.60180482	0.0
45.0099640444	1167.05651673	0.0
44.698219354	1166.50524721	0.0
44.3092155998	1165.81689272	0.0
44.0065537043	1165.28198061	0.0
43.7063637332	1164.75109682	0.0
43.4008064831	1164.21081361	0.0
43.0975304199	1163.67980775	0.0
42.8057938175	1163.15722475	0.0
42.5247688845	1162.63158998	0.0
42.1021118712	1161.85632142	0.0
41.8354301992	1161.36767396	0.0
41.5611229494	1160.86401185	0.0
41.2913628175	1160.36913881	0.0
40.901546534	1159.65380678	0.0
40.6551819386	1159.20202455	0.0
40.3269959036	1158.60033998	0.0
39.9887352542	1157.98095522	0.0
39.7079506466	1157.46740541	0.0
39.344749505	1156.80224428	0.0
38.9242630551	1156.03344545	0.0
38.6469612682	1155.52721986	0.0
38.2229996273	1154.75268373	0.0
37.8015518729	1153.98242006	0.0
37.5203629094	1153.46911439	0.0
37.0871658878	1152.67834291	0.0
36.8051224305	1152.16271791	0.0
36.5254097541	1151.6512433	0.0
36.1434135989	1150.95287904	0.0
35.839298304	1150.39880189	0.0
35.4969940736	1149.77270326	0.0
35.2155190054	1149.25890931	0.0
34.9490356986	1148.77111635	0.0
34.5477867682	1148.05053529	0.0
34.2714539122	1147.57861147	0.0
33.9968872612	1147.09606752	0.0
33.6099510737	1146.41003237	0.0
33.3599434444	1145.9715558	0.0
33.1080170236	1145.53491029	0.0
32.7528267458	1144.91308412	0.0
32.4139671866	1144.31164369	0.0
32.0991554814	1143.75317201	0.0
31.6917419977	1143.03600893	0.0
31.3295860848	1142.39843568	0.0
31.0246983134	1141.86059389	0.0
30.5981693817	1141.10546693	0.0
30.3256302437	1140.62499818	0.0
30.0760727472	1140.18505678	0.0
29.8051567632	1139.70727358	0.0
29.5555534916	1139.2672101	0.0
29.1597328733	1138.57006654	0.0
28.8536263066	1138.03173647	0.0
28.5497875763	1137.49755678	0.0
28.1889286601	1136.84472475	0.0
27.8777924138	1136.34948549	0.0
27.5498295386	1135.80187807	0.0
27.2217426854	1135.25182924	0.0
26.8977394663	1134.71154604	0.0
26.517149027	1134.07873353	0.0
26.1550102778	1133.47741517	0.0
25.7351494384	1132.77941713	0.0
25.4126949859	1132.23180971	0.0
25.0923500613	1131.70556459	0.0
24.7801228124	1131.26818666	0.0
24.4130688273	1130.8498517	0.0
23.9965057927	1130.39892396	0.0
23.5804462993	1129.91821108	0.0
23.176788384	1129.4436017	0.0
22.7314701641	1129.01330385	0.0
22.1977444246	1128.47949037	0.0
21.7502155848	1128.02404604	0.0
21.3092613782	1127.57983217	0.0
20.8700466698	1127.13915834	0.0
20.2983418053	1126.56591615	0.0
19.916112956	1126.18298158	0.0
19.3550682616	1125.62133607	0.0
18.891510065	1125.15820131	0.0
18.2624207092	1124.5295392	0.0
17.7738857827	1124.05334291	0.0
17.2232990815	1123.44543276	0.0
16.889343316	1122.96984682	0.0
16.4262142741	1122.348631	0.0
16.081687982	1121.90771303	0.0
15.6904354636	1121.30370912	0.0
15.2651300984	1120.66955385	0.0
14.9511080331	1120.18188295	0.0
14.6538172323	1119.65026674	0.0
14.3608255939	1119.16430482	0.0
14.0683794563	1118.66552553	0.0
13.7709246224	1118.15466127	0.0
13.398570116	1117.5385724	0.0
13.0633183078	1116.88036927	0.0
12.7655430401	1116.3408185	0.0
12.379914338	1115.6376935	0.0
12.1288557607	1115.17614564	0.0
11.8647442413	1114.69567689	0.0
11.6025248124	1114.21594057	0.0
11.2622070857	1113.59521303	0.0
11.004026469	1113.1278058	0.0
10.7274933417	1112.62377748	0.0
10.4390030447	1112.09692201	0.0
10.0498152319	1111.38610658	0.0
9.78422837873	1110.90392884	0.0
9.51950078749	1110.42284974	0.0
9.24081044999	1109.91723451	0.0
8.96581369138	1109.418089	0.0
8.6051960538	1108.76367006	0.0
8.34181981912	1108.28454408	0.0
7.99317365378	1107.652464	0.0
7.73991780978	1107.19518861	0.0
7.49531560758	1106.75134096	0.0
7.13518481917	1106.09545717	0.0
6.6674800464	1105.24609193	0.0
6.36613469798	1104.70226869	0.0
6.00933747907	1104.05236635	0.0
5.75049978012	1103.57946595	0.0
5.49115710898	1103.10668764	0.0
5.27609163028	1102.52465639	0.0
4.85818391509	1101.95287904	0.0
4.54347520549	1101.38036928	0.0
4.22024398617	1100.79369935	0.0
3.94640689646	1100.29589662	0.0
3.58911758236	1099.64758119	0.0
3.31113176997	1099.14660463	0.0
3.03879194922	1098.66088685	0.0
2.78184085671	1098.19763002	0.0
2.52317291027	1097.73400697	0.0
2.17801886349	1097.1134015	0.0
1.92481892905	1096.65917787	0.0
1.70536976546	1096.17321596	0.0
1.4142145472	1095.75463686	0.0
1.16842680803	1095.31616029	0.0
