811.524658254	-636.393007196	0.0
811.148986867	-636.000490106	0.0
810.601806692	-635.685975947	0.0
810.159179738	-635.416322624	0.0
809.617736867	-635.050722039	0.0
809.159484915	-634.794252314	0.0
808.680358939	-634.612367549	0.0
808.167297414	-634.360109246	0.0
807.614624074	-634.094606316	0.0
807.087341359	-633.907411492	0.0
806.566711478	-633.728517449	0.0
806.037231496	-633.534181516	0.0
805.522766165	-633.350587762	0.0
804.950012257	-633.146181025	0.0
804.307556202	-632.916810906	0.0
803.799682667	-632.735475458	0.0
803.151550343	-632.504640498	0.0
802.652832081	-632.326661979	0.0
801.924499562	-632.066469113	0.0
801.431091359	-631.890260616	0.0
800.819519093	-631.672365108	0.0
800.24975591	-631.468995964	0.0
799.723693899	-631.281007684	0.0
799.131835988	-631.069337762	0.0
798.55682378	-630.864259641	0.0
798.042297415	-630.68066589	0.0
797.494995167	-630.485292352	0.0
796.959167531	-630.293764037	0.0
796.347778372	-630.075624387	0.0
795.647338919	-629.825685418	0.0
794.977661185	-629.586793818	0.0
794.498107962	-629.41552917	0.0
793.824585012	-629.182008662	0.0
793.219238332	-628.934572136	0.0
792.655151418	-628.605775751	0.0
792.07171636	-628.318056024	0.0
791.537902883	-628.046266472	0.0
791.068481495	-627.805665887	0.0
790.537231497	-627.533693233	0.0
789.971557668	-627.243776242	0.0
789.436279348	-626.968934935	0.0
788.740783741	-626.621705926	0.0
788.092773489	-626.167482296	0.0
787.528381399	-625.797182	0.0
786.990905812	-625.443361201	0.0
786.492858938	-625.111329949	0.0
785.959594777	-624.765443719	0.0
785.467834523	-624.401918331	0.0
784.875976614	-623.993898308	0.0
784.37866216	-623.654725946	0.0
783.888244679	-623.273805536	0.0
783.456970265	-622.961854851	0.0
783.039794972	-622.655092158	0.0
782.601867727	-622.33184997	0.0
782.137512257	-621.956544795	0.0
781.709411673	-621.617799676	0.0
781.317810109	-621.306459346	0.0
780.882568411	-620.952333367	0.0
780.425170949	-620.603639521	0.0
780.026306202	-620.2893695	0.0
779.534606983	-619.903993523	0.0
779.069580128	-619.539308468	0.0
778.649475149	-619.209474481	0.0
778.271728567	-618.852785025	0.0
777.780761769	-618.528505246	0.0
777.256835988	-618.117677609	0.0
776.821533253	-617.775209342	0.0
776.398498587	-617.442567745	0.0
775.986694387	-617.119691765	0.0
775.553039603	-616.779481809	0.0
775.126770071	-616.443910518	0.0
774.705322316	-616.109865103	0.0
774.287597706	-615.781312862	0.0
773.813171437	-615.408876335	0.0
773.336853079	-615.03473083	0.0
772.923584034	-614.708253779	0.0
772.434692433	-614.321473991	0.0
771.980102589	-613.963991086	0.0
771.535400442	-613.613710323	0.0
770.969665578	-613.168519891	0.0
770.574890186	-612.857973015	0.0
770.113830617	-612.495180044	0.0
769.609558157	-612.09796325	0.0
769.094970754	-611.692811881	0.0
768.623779347	-611.32190124	0.0
768.134521535	-610.936769405	0.0
767.716918996	-610.607911983	0.0
767.206726124	-610.206544797	0.0
766.78100591	-609.871461787	0.0
766.345459036	-609.528871453	0.0
765.937744191	-609.200807491	0.0
765.482116749	-608.885072624	0.0
764.919738821	-608.462709342	0.0
764.362426808	-608.051759641	0.0
763.883178762	-607.698366083	0.0
763.454345753	-607.382203974	0.0
762.998596242	-607.047304073	0.0
762.578918507	-606.736879266	0.0
762.13092046	-606.406862179	0.0
761.689880421	-606.081911007	0.0
761.159118703	-605.690492547	0.0
760.770507863	-605.324525748	0.0
760.209045462	-604.990907586	0.0
759.769348195	-604.667421258	0.0
759.334228567	-604.346559444	0.0
758.833129935	-603.977662956	0.0
758.411132863	-603.66650573	0.0
757.822631887	-603.232973016	0.0
757.242431692	-602.805726925	0.0
756.791198781	-602.4735736	0.0
756.354431204	-602.151552116	0.0
755.844055227	-601.775392449	0.0
755.402771048	-601.450746456	0.0
754.947448782	-601.115358268	0.0
754.45440679	-600.751893915	0.0
754.026245168	-600.436952508	0.0
753.569274953	-600.100770868	0.0
753.078002981	-599.738832393	0.0
752.598754934	-599.385866085	0.0
752.173095754	-599.072328484	0.0
751.690673879	-598.717714231	0.0
751.143615774	-598.314515985	0.0
750.694519094	-597.981569209	0.0
750.247985891	-597.653383177	0.0
749.764831594	-597.297548215	0.0
749.341308645	-596.985597529	0.0
748.883300832	-596.646791376	0.0
748.402832083	-596.290712273	0.0
747.93725591	-595.956605828	0.0
747.415466359	-595.54480163	0.0
746.957336477	-595.196168818	0.0
746.485168509	-594.835451045	0.0
746.047668507	-594.500123897	0.0
745.526428274	-594.106691275	0.0
745.008483937	-593.710756219	0.0
744.576293996	-593.38360778	0.0
744.120910694	-593.034852898	0.0
743.699890188	-592.712953482	0.0
743.108215383	-592.261293328	0.0
742.694152883	-591.946962276	0.0
742.276794484	-591.629274289	0.0
741.821350149	-591.281740106	0.0
741.317871145	-590.897706907	0.0
740.858032278	-590.546998897	0.0
740.374511769	-590.178224485	0.0
739.909606984	-589.823854366	0.0
739.476928761	-589.493715205	0.0
739.007995656	-589.13604919	0.0
738.526062063	-588.768678582	0.0
738.066711476	-588.418275753	0.0
737.577575734	-588.045167843	0.0
737.12072759	-587.696718134	0.0
736.604919485	-587.303224481	0.0
736.234130909	-586.806520379	0.0
735.693115285	-586.607973016	0.0
735.177124075	-586.214357295	0.0
734.737487843	-585.879152216	0.0
734.090881399	-585.386110228	0.0
733.571655323	-584.990114134	0.0
733.042419484	-584.586610713	0.0
732.612365774	-584.258729851	0.0
732.045227102	-583.826295771	0.0
731.595642141	-583.483461299	0.0
730.991943409	-583.023256218	0.0
730.568542531	-582.700502311	0.0
730.084716847	-582.33148376	0.0
729.644531301	-581.995912471	0.0
729.222106984	-581.673952022	0.0
728.756713918	-581.319154653	0.0
728.190979055	-580.887758174	0.0
727.668701222	-580.48974792	0.0
727.248413138	-580.16925231	0.0
726.659729055	-579.720399774	0.0
726.236755422	-579.397523798	0.0
725.828186087	-579.085206902	0.0
725.313476613	-578.691652218	0.0
724.763793995	-578.272523796	0.0
724.244934133	-577.876527705	0.0
723.758117726	-577.503969107	0.0
723.354431203	-577.195253291	0.0
722.686767628	-576.685609736	0.0
722.157226614	-576.281618036	0.0
721.67175298	-575.898134148	0.0
721.198425344	-575.489931023	0.0
720.730957083	-575.108095086	0.0
720.321960499	-574.768922724	0.0
719.829895069	-574.360658562	0.0
719.337463431	-573.951967155	0.0
718.834899953	-573.535097039	0.0
718.443481495	-573.208742058	0.0
717.927917532	-572.781190789	0.0
717.511352591	-572.435426631	0.0
717.162475637	-572.035829464	0.0
716.677429249	-571.742616569	0.0
716.279357962	-571.410280147	0.0
715.6835938	-570.917177121	0.0
715.144165091	-570.468324578	0.0
714.655456594	-570.063295284	0.0
714.265564015	-569.740114125	0.0
713.872009328	-569.420045769	0.0
713.366333058	-569.010866081	0.0
712.739929249	-568.500856316	0.0
712.311279348	-568.153505242	0.0
711.808532765	-567.746766963	0.0
711.275451711	-567.313722529	0.0
710.797058157	-566.925172724	0.0
710.125915579	-566.378053582	0.0
709.648742727	-565.992372431	0.0
709.110534719	-565.555421746	0.0
708.673767141	-565.198366086	0.0
708.160583547	-564.779115596	0.0
707.656799367	-564.370119014	0.0
707.104553272	-563.920717159	0.0
706.69116216	-563.582399288	0.0
706.21270757	-563.19384948	0.0
705.767944386	-562.831911005	0.0
705.32952886	-562.475038444	0.0
704.840698292	-562.077516472	0.0
704.377136282	-561.7011737	0.0
703.900817922	-561.314027705	0.0
703.377441458	-560.88800231	0.0
702.908508351	-560.507570186	0.0
702.287231497	-560.003236688	0.0
701.807251028	-559.612916866	0.0
701.347778371	-559.240053094	0.0
700.756469777	-558.760621944	0.0
700.242431691	-558.342897336	0.0
699.719604543	-557.918153679	0.0
699.237304738	-557.526857295	0.0
698.68347173	-557.076967159	0.0
698.277404837	-556.746827994	0.0
697.739624073	-556.309999384	0.0
697.145446828	-555.827211298	0.0
696.715881397	-555.477907098	0.0
696.291687062	-555.133180534	0.0
695.720947317	-554.669130243	0.0
695.183105519	-554.231752312	0.0
694.593078665	-553.752138058	0.0
693.889404347	-553.180116572	0.0
693.305419972	-552.70520202	0.0
692.763427786	-552.264650267	0.0
692.254882864	-551.851259145	0.0
691.727233937	-551.422120966	0.0
691.177551321	-550.975099483	0.0
690.652282766	-550.535341181	0.0
690.038208059	-550.072084344	0.0
689.603332571	-549.728212275	0.0
689.037902882	-549.284730831	0.0
688.375427298	-548.765382683	0.0
687.799255423	-548.311891473	0.0
687.28643804	-547.909791864	0.0
686.877929737	-547.589906611	0.0
686.377807668	-547.198182978	0.0
685.975402883	-546.881959833	0.0
685.573608449	-546.567201532	0.0
685.160827688	-546.24310485	0.0
684.724426321	-545.901002801	0.0
684.320495657	-545.584413446	0.0
683.883422903	-545.241884149	0.0
683.412475637	-544.872926628	0.0
682.992492726	-544.542848506	0.0
682.582458547	-544.221376337	0.0
682.142822316	-543.877015986	0.0
681.738281301	-543.559877316	0.0
681.230590872	-543.161928094	0.0
680.782959034	-542.810914912	0.0
680.38031011	-542.495302119	0.0
679.871398977	-542.096620476	0.0
679.445861866	-541.763002316	0.0
678.89379888	-541.330140984	0.0
678.461425832	-540.991151727	0.0
677.949890188	-540.589906608	0.0
677.483276419	-540.224306022	0.0
677.034301809	-539.872255245	0.0
676.428466847	-539.397890009	0.0
675.959899953	-539.030824583	0.0
675.521240285	-538.686952509	0.0
675.01776128	-538.292421259	0.0
674.576232961	-537.946596064	0.0
674.138427786	-537.604188839	0.0
673.703918507	-537.264039912	0.0
673.292663624	-536.941163936	0.0
672.775939992	-536.536195674	0.0
672.335937551	-536.191286007	0.0
671.86291509	-535.820314324	0.0
671.19885259	-535.298829952	0.0
670.717102102	-534.920534053	0.0
670.079040579	-534.420167841	0.0
669.558349661	-534.01178161	0.0
668.916503958	-533.508363644	0.0
668.487609915	-533.172426142	0.0
668.04425054	-532.825014033	0.0
667.374267629	-532.29974548	0.0
666.923156789	-531.945741571	0.0
666.282287648	-531.443544306	0.0
665.777648977	-531.047914423	0.0
665.309753468	-530.681093131	0.0
664.825256398	-530.301088251	0.0
664.092163137	-529.726015008	0.0
663.575439503	-529.321535031	0.0
663.057312062	-528.915285029	0.0
662.448120168	-528.446473994	0.0
661.963989308	-528.113527214	0.0
661.390136769	-527.695070183	0.0
661.034912161	-527.342164907	0.0
660.458618215	-527.022462763	0.0
660.005859427	-526.696718132	0.0
659.551696828	-526.370057979	0.0
659.107299855	-526.049562375	0.0
658.607788137	-525.690004262	0.0
658.096984914	-525.334291379	0.0
657.568481496	-524.878419796	0.0
657.173095754	-524.548707878	0.0
656.758239798	-524.213075555	0.0
656.35296636	-523.878053582	0.0
655.947387747	-523.540834344	0.0
655.559631398	-523.218690792	0.0
655.05029302	-522.79571716	0.0
654.648559622	-522.462770381	0.0
654.020629934	-521.989381705	0.0
653.517211965	-521.612367547	0.0
653.02307134	-521.242189327	0.0
652.617187551	-520.940797721	0.0
652.197876027	-520.629457391	0.0
651.684509328	-520.247743523	0.0
651.028320363	-519.760255731	0.0
650.535034231	-519.393251338	0.0
650.087463429	-519.060914914	0.0
649.557189992	-518.666688838	0.0
648.643127492	-517.985719597	0.0
648.235595753	-517.682924188	0.0
647.647399954	-517.245790397	0.0
647.222534231	-516.936342155	0.0
646.682006887	-516.508851924	0.0
646.11669927	-516.06030456	0.0
645.719055226	-515.749635614	0.0
645.309387257	-515.427369987	0.0
644.896850636	-515.102174676	0.0
644.378662161	-514.69384948	0.0
643.976013235	-514.376588741	0.0
643.307739308	-513.850099484	0.0
642.80419927	-513.453187858	0.0
642.19708257	-512.975648799	0.0
641.801574758	-512.663942255	0.0
641.287475636	-512.25860778	0.0
640.779907276	-511.856904899	0.0
640.360595753	-511.526613156	0.0
639.964477591	-511.214082635	0.0
639.424438528	-510.787721551	0.0
638.860107472	-510.341340934	0.0
638.307128956	-509.905000605	0.0
637.757934622	-509.471437371	0.0
637.19329839	-509.025789178	0.0
636.606567434	-508.562898553	0.0
636.056030324	-508.128633417	0.0
635.287658741	-507.522188107	0.0
634.861755421	-507.186494749	0.0
634.304077199	-506.746431268	0.0
633.706604055	-506.275178829	0.0
633.063232473	-505.767732541	0.0
632.686462454	-505.302919307	0.0
632.096801808	-505.005433955	0.0
631.661987355	-504.662660515	0.0
630.872924856	-504.0404071	0.0
630.433044484	-503.693269649	0.0
629.993103078	-503.346559444	0.0
629.565429739	-503.00940124	0.0
629.058105519	-502.609102165	0.0
628.52355962	-502.187379757	0.0
628.040954642	-501.806917106	0.0
627.568786672	-501.434419552	0.0
627.143066456	-501.098207392	0.0
626.601867727	-500.670900263	0.0
626.128540091	-500.297243036	0.0
625.608215383	-499.884920038	0.0
624.806396536	-499.250276483	0.0
624.413269093	-498.94046203	0.0
623.835266165	-498.484468378	0.0
623.267395071	-498.035829464	0.0
622.672607473	-497.566835319	0.0
622.149414114	-497.153566279	0.0
621.238891652	-496.434785759	0.0
620.647094778	-495.967561638	0.0
620.035705617	-495.478334348	0.0
619.406799366	-494.9923114	0.0
618.793701222	-494.535707388	0.0
618.125000052	-494.030946649	0.0
617.285217335	-493.397706906	0.0
616.414856008	-492.742891232	0.0
615.463623098	-492.027376091	0.0
614.618774466	-491.391664422	0.0
614.115722706	-491.013246456	0.0
613.616027882	-490.63769714	0.0
613.115783742	-490.261079707	0.0
612.344604543	-489.680726924	0.0
611.696289113	-489.193330684	0.0
611.051879934	-488.708406368	0.0
610.461486868	-488.264253536	0.0
609.889099173	-487.833284297	0.0
609.291259816	-487.382783811	0.0
608.622985891	-486.879823604	0.0
607.865661673	-486.309358515	0.0
607.190490774	-485.800569453	0.0
606.571594288	-485.334443963	0.0
605.940368703	-484.858888546	0.0
604.918884329	-484.089204704	0.0
604.283935597	-483.610567015	0.0
603.229309134	-482.815980827	0.0
602.610778859	-482.349672236	0.0
601.517456106	-481.525758661	0.0
600.950012259	-481.097963249	0.0
600.29248052	-480.602540892	0.0
599.35119634	-479.893251338	0.0
598.634155324	-479.352815551	0.0
597.643981984	-478.606965938	0.0
596.944152883	-478.079652705	0.0
596.275756886	-477.576509395	0.0
595.516052297	-477.0136737	0.0
594.857177785	-476.48483459	0.0
594.241455129	-475.99591247	0.0
593.653991749	-475.531740104	0.0
593.039550833	-475.046235955	0.0
592.338501026	-474.490907586	0.0
591.784668019	-474.052278438	0.0
591.230529836	-473.613466179	0.0
590.668151906	-473.16781799	0.0
590.013061575	-472.649171749	0.0
589.406677298	-472.168886104	0.0
588.817688039	-471.702516474	0.0
588.269836476	-471.268739618	0.0
587.717712452	-470.831209102	0.0
587.094360403	-470.337800899	0.0
586.545349171	-469.903169549	0.0
585.963256886	-469.441804804	0.0
585.137207083	-468.787660518	0.0
584.464294484	-468.254548944	0.0
583.864013722	-467.77792541	0.0
583.296814015	-467.328432002	0.0
582.728881886	-466.878663936	0.0
582.096862843	-466.377107539	0.0
581.364318899	-465.795778191	0.0
580.811462454	-465.357606804	0.0
580.531799367	-464.899019158	0.0
579.981567434	-464.697236934	0.0
579.366149953	-464.212007437	0.0
578.471435598	-463.53256408	0.0
577.620422413	-462.879030146	0.0
576.967529348	-462.37762634	0.0
576.41357427	-461.953187858	0.0
575.742614798	-461.438539422	0.0
575.194885304	-461.01907531	0.0
574.870361379	-460.565950311	0.0
574.602844288	-460.1270465	0.0
574.03039556	-460.1270465	0.0
573.426635794	-459.664613641	0.0
572.445373586	-458.914003293	0.0
571.831359914	-458.444673456	0.0
571.281555227	-458.023713985	0.0
570.650268605	-457.541292107	0.0
570.035705617	-457.072084348	0.0
568.969787647	-456.25677673	0.0
568.41595464	-455.833925165	0.0
567.860473683	-455.408998406	0.0
567.28466802	-454.96841613	0.0
566.666564992	-454.495881955	0.0
566.127380422	-454.083223264	0.0
565.240539601	-453.404848015	0.0
564.559326224	-452.883424675	0.0
563.96862798	-452.43124572	0.0
563.403503468	-451.998811639	0.0
562.795349173	-451.533265983	0.0
562.165405325	-451.0509967	0.0
561.502685597	-450.543794552	0.0
561.23010259	-450.075471797	0.0
560.618225148	-449.866609494	0.0
560.006713917	-449.39850036	0.0
559.428894093	-448.956514276	0.0
558.789367727	-448.467012323	0.0
558.151123098	-447.978761591	0.0
557.524536183	-447.499421991	0.0
556.568237355	-446.767518915	0.0
555.877380422	-446.239107052	0.0
555.144592336	-445.678193964	0.0
554.559143117	-445.23025695	0.0
553.957214407	-444.769655145	0.0
553.329589895	-444.289400017	0.0
552.690185599	-443.800233756	0.0
551.926269582	-443.215394892	0.0
551.315612843	-442.747835075	0.0
550.629150441	-442.222536007	0.0
549.639221243	-441.464326775	0.0
549.002136281	-440.976564325	0.0
548.576721242	-440.650819696	0.0
547.873596242	-440.111726675	0.0
547.203002981	-439.600129999	0.0
546.504516652	-439.064760126	0.0
545.807983449	-438.529573358	0.0
544.939819386	-437.868104852	0.0
544.541015676	-437.564027702	0.0
543.851989797	-437.03521911	0.0
543.132568411	-436.484132685	0.0
542.340637258	-435.880067746	0.0
541.449340871	-435.197359001	0.0
540.701782277	-434.625551141	0.0
539.9368897	-434.039277949	0.0
539.246460011	-433.511232294	0.0
538.556335501	-432.981752315	0.0
537.742126515	-432.357362664	0.0
537.019348195	-431.803346553	0.0
536.346252492	-431.286439815	0.0
535.621337941	-430.731233512	0.0
534.884643605	-430.166383665	0.0
534.049499562	-429.526796261	0.0
532.954650929	-428.688417352	0.0
532.247009328	-428.146608267	0.0
531.521118215	-427.590730587	0.0
531.096496632	-427.265779413	0.0
530.291992239	-426.649660027	0.0
529.546508841	-426.078920282	0.0
528.506591848	-425.282808218	0.0
527.714599661	-424.676423946	0.0
527.027893118	-424.150606076	0.0
526.208679249	-423.523134147	0.0
525.474914603	-422.961275018	0.0
524.685607961	-422.356660763	0.0
523.495178273	-421.444765011	0.0
522.704528859	-420.838899531	0.0
521.931091359	-420.246492304	0.0
521.211669973	-419.695161737	0.0
520.440063527	-419.103975214	0.0
520.077941945	-418.54681579	0.0
519.384643605	-418.295198356	0.0
518.517089895	-417.630433957	0.0
517.477050833	-416.833284296	0.0
516.082885793	-415.765932	0.0
515.259765676	-415.135316765	0.0
514.506652883	-414.558931271	0.0
513.785217336	-414.007081904	0.0
513.378051808	-413.695253291	0.0
512.569885304	-413.076295769	0.0
511.842651418	-412.519288934	0.0
510.984588674	-411.862794793	0.0
510.204864553	-411.265993036	0.0
509.426147513	-410.668489375	0.0
509.426147513	-410.134401236	0.0
508.724487355	-410.134401236	0.0
507.913909963	-409.513490594	0.0
507.189025929	-408.955934444	0.0
506.254821828	-408.243196406	0.0
505.820556691	-407.91034118	0.0
505.091033987	-407.350191033	0.0
503.950775198	-406.477937616	0.0
503.167785695	-405.878633419	0.0
502.718841604	-405.535005489	0.0
502.280822805	-405.199739372	0.0
501.522033742	-404.618959347	0.0
501.110748341	-404.304078974	0.0
500.331939747	-403.707979118	0.0
499.60913091	-403.154725949	0.0
498.857971241	-402.579774776	0.0
498.389160207	-402.22091857	0.0
497.669220022	-401.669893183	0.0
496.892089895	-401.075075067	0.0
496.892089895	-400.473359981	0.0
496.105926565	-400.473359981	0.0
495.363067677	-399.904695433	0.0
494.961517384	-399.597383417	0.0
494.112304739	-398.94742004	0.0
494.112304739	-398.423097529	0.0
493.427307181	-398.423097529	0.0
492.764831594	-397.916047967	0.0
491.710968068	-397.108735955	0.0
491.025604298	-396.582490836	0.0
490.609558157	-396.263734736	0.0
490.201812796	-395.951570431	0.0
489.136962942	-395.134584346	0.0
488.429931692	-394.592409051	0.0
488.010528615	-394.271272579	0.0
486.812561086	-393.354127803	0.0
486.411560108	-393.047029416	0.0
485.712249807	-392.511598504	0.0
485.386138966	-391.751558219	0.0
484.719726613	-391.751558219	0.0
484.037170461	-391.228853142	0.0
483.452667287	-390.781038205	0.0
482.639434866	-390.15832702	0.0
481.685943655	-389.429445186	0.0
481.003723196	-388.90667907	0.0
480.323638967	-388.386537467	0.0
479.692718557	-387.905000604	0.0
478.971313527	-387.352662956	0.0
478.349762014	-386.877626335	0.0
477.464782765	-386.200258172	0.0
476.818847707	-385.705812374	0.0
476.16772466	-385.20773498	0.0
475.434783987	-384.646669305	0.0
474.80960088	-384.168214715	0.0
473.930572561	-383.495729366	0.0
473.370971731	-383.067232051	0.0
472.454467824	-382.365968621	0.0
472.050598194	-382.056856073	0.0
471.461242727	-381.605470576	0.0
470.875640919	-381.157045281	0.0
469.725524953	-380.276369012	0.0
469.163665821	-379.846101681	0.0
468.484619191	-379.326204219	0.0
467.638397267	-378.67813293	0.0
466.777557424	-378.0192279	0.0
465.811554006	-377.279542841	0.0
465.04586797	-376.693483271	0.0
464.218322804	-376.059877313	0.0
463.343017629	-375.389314572	0.0
462.775238089	-374.954530635	0.0
462.183929494	-374.493471064	0.0
461.561981253	-374.023225702	0.0
461.010253957	-373.629335322	0.0
460.452575734	-373.258729852	0.0
459.88244634	-372.908388059	0.0
459.351989797	-372.574220576	0.0
458.831176808	-372.245332635	0.0
458.250427298	-371.878755487	0.0
457.671173145	-371.512941279	0.0
456.526519826	-370.795259392	0.0
455.586151175	-370.200380245	0.0
454.991363576	-369.83145324	0.0
454.512420706	-369.527681268	0.0
453.95816045	-369.174898064	0.0
453.320037894	-368.772432246	0.0
452.7806397	-368.43664733	0.0
452.249664358	-368.10013	0.0
451.721984913	-367.766542353	0.0
450.995788625	-367.30978576	0.0
450.384124806	-366.925447382	0.0
449.845550588	-366.588075555	0.0
449.337493946	-366.267824091	0.0
448.817565968	-365.94046203	0.0
448.056427053	-365.46252624	0.0
447.500549368	-365.113679804	0.0
446.719635061	-364.620790398	0.0
446.003753713	-364.171022333	0.0
445.532043507	-363.874452505	0.0
445.077758839	-363.587922968	0.0
444.557678273	-363.260866082	0.0
444.079040577	-362.959962766	0.0
443.174804738	-362.398195185	0.0
442.736572316	-362.122102655	0.0
442.348144583	-361.530397333	0.0
441.529907277	-361.228517453	0.0
440.832885793	-360.694124138	0.0
440.100372365	-360.135988153	0.0
439.658142141	-359.796449579	0.0
439.091217092	-359.360505975	0.0
438.557952931	-358.950410759	0.0
438.021331838	-358.528627314	0.0
437.223358205	-357.974946892	0.0
436.670715383	-357.580140986	0.0
435.811462454	-356.966798701	0.0
435.320800832	-356.621156611	0.0
434.900116018	-356.313936154	0.0
434.488403372	-356.002382196	0.0
433.929840139	-355.592439569	0.0
433.380371145	-355.187257688	0.0
432.873199513	-354.812349236	0.0
432.044128469	-354.199830927	0.0
431.519897511	-353.812410271	0.0
430.798614553	-353.279390251	0.0
430.133087208	-352.787599482	0.0
429.713378957	-352.477357782	0.0
429.238861136	-352.126588739	0.0
428.775360159	-351.783998408	0.0
428.138824513	-351.313447869	0.0
427.639465382	-350.947297967	0.0
427.138763478	-350.574342646	0.0
426.482849172	-350.046480097	0.0
425.955719044	-349.634431756	0.0
425.464477591	-349.250123897	0.0
424.838592579	-348.749818721	0.0
424.302337697	-348.342714229	0.0
423.622711233	-347.905366815	0.0
423.132141164	-347.569002071	0.0
422.653106741	-347.241334836	0.0
422.209899953	-346.94131652	0.0
421.712799123	-346.60708801	0.0
421.245819143	-346.268037714	0.0
420.718780567	-345.896821895	0.0
420.185485891	-345.522584834	0.0
419.516967823	-345.051546017	0.0
419.040466359	-344.715608513	0.0
418.135314992	-344.07742492	0.0
417.624786429	-343.710359489	0.0
416.900909474	-343.221895136	0.0
416.430297902	-342.946626579	0.0
415.518524221	-342.385164181	0.0
414.949859671	-342.028779901	0.0
414.16091924	-341.561036982	0.0
413.583190969	-341.280885614	0.0
413.040557912	-341.009492788	0.0
412.505859425	-340.739290153	0.0
411.993438771	-340.479005729	0.0
411.247497608	-340.088746939	0.0
410.685333302	-339.79962341	0.0
410.190460255	-339.553956904	0.0
409.681549123	-339.299165643	0.0
409.094329885	-339.000032341	0.0
408.562225393	-338.722719111	0.0
408.040557913	-338.459962764	0.0
407.322357229	-338.076173699	0.0
406.808715871	-337.756807245	0.0
405.950470021	-337.253297725	0.0
405.474060109	-336.972597037	0.0
404.874847462	-336.620546259	0.0
404.223144582	-336.245210566	0.0
403.761932423	-335.970399777	0.0
403.150054982	-335.536531366	0.0
402.632690481	-335.148317256	0.0
401.901855519	-334.628511348	0.0
401.279174856	-334.180086054	0.0
400.727111867	-333.780702506	0.0
400.260650685	-333.441926874	0.0
399.844238331	-333.144960322	0.0
399.325042775	-332.753663935	0.0
398.716278126	-332.2782611	0.0
398.284973196	-331.9494342	0.0
397.880859425	-331.636384883	0.0
397.471069387	-331.319795525	0.0
397.004516651	-330.958894652	0.0
396.546844534	-330.610109245	0.0
395.946502737	-330.149690547	0.0
395.502105764	-329.803926387	0.0
394.822570852	-329.279481806	0.0
394.281707813	-328.864229121	0.0
393.576019337	-328.321626584	0.0
393.166595511	-328.004915157	0.0
392.656585745	-327.61181823	0.0
392.142334035	-327.217042843	0.0
391.428894093	-326.666994011	0.0
390.845916798	-326.217714227	0.0
390.421020558	-325.89016906	0.0
389.966461233	-325.539552605	0.0
389.528228811	-325.201326287	0.0
388.859527638	-324.685426631	0.0
388.654235892	-324.215883174	0.0
387.730133108	-323.813600461	0.0
386.880859425	-323.157930292	0.0
386.42150884	-322.803193962	0.0
385.733123829	-322.271638789	0.0
385.289611867	-321.928804315	0.0
384.739715626	-321.503816521	0.0
384.300262503	-321.164674677	0.0
383.869415333	-320.832185667	0.0
382.953521779	-320.12466613	0.0
382.53201299	-319.799043575	0.0
381.762023976	-319.204805293	0.0
381.250854544	-318.810396112	0.0
380.792236378	-318.456300652	0.0
380.247955373	-318.035951536	0.0
379.773101857	-317.669496456	0.0
379.260681204	-317.273713985	0.0
378.341583302	-316.564149777	0.0
377.586761524	-315.981264034	0.0
377.054870657	-315.570314326	0.0
376.530090384	-315.164949334	0.0
375.990203907	-314.747804556	0.0
374.868988089	-313.881379996	0.0
374.096252492	-313.284028924	0.0
373.601074269	-312.901216425	0.0
372.810913136	-312.290346064	0.0
372.260528616	-311.864747921	0.0
371.74447637	-311.465761103	0.0
371.339294484	-311.152437131	0.0
370.545867972	-310.539033805	0.0
369.746887258	-309.921235954	0.0
369.201080374	-309.499299923	0.0
368.67388921	-309.091859737	0.0
368.134063771	-308.674562371	0.0
367.174957326	-307.933107294	0.0
366.643188527	-307.521943963	0.0
365.864440969	-306.919618526	0.0
364.99761968	-306.249055781	0.0
364.44808965	-305.823915399	0.0
363.235778859	-304.885499871	0.0
362.680969288	-304.456209101	0.0
362.103759817	-304.009431758	0.0
361.520813038	-303.557832633	0.0
360.639679006	-302.876832882	0.0
359.692627005	-302.143922726	0.0
359.382629444	-301.677308955	0.0
358.527374318	-301.243348991	0.0
357.909820608	-300.765169063	0.0
357.07208257	-300.11761657	0.0
356.541717579	-299.707734978	0.0
355.620025686	-298.994447624	0.0
354.807159474	-298.366823113	0.0
354.302612356	-297.975587764	0.0
353.563537648	-297.403139032	0.0
353.059631399	-297.01364318	0.0
352.55017095	-296.619996941	0.0
351.918457082	-296.130189812	0.0
350.859832814	-295.309938349	0.0
350.334106497	-294.903627314	0.0
349.856689503	-294.534364618	0.0
349.373077444	-294.160066521	0.0
348.889862111	-293.785951535	0.0
347.995391896	-293.093873898	0.0
347.227935842	-292.499879756	0.0
346.748565725	-292.12869445	0.0
346.285888722	-291.770723261	0.0
345.822631888	-291.412599482	0.0
345.245849661	-290.966218868	0.0
344.586029104	-290.455812372	0.0
344.096588186	-290.07718078	0.0
343.335083059	-289.488344111	0.0
342.83657842	-289.102937617	0.0
341.929687552	-288.401277461	0.0
341.28982549	-287.90619079	0.0
340.653350881	-287.41378967	0.0
340.019897512	-286.923463739	0.0
338.79034429	-285.971528923	0.0
337.952575735	-285.32275573	0.0
337.372100882	-284.872987664	0.0
336.652587942	-284.314973751	0.0
336.171844534	-283.942445672	0.0
335.587493947	-283.49090759	0.0
335.363037159	-282.764863886	0.0
334.650024464	-282.764863886	0.0
334.218719532	-282.431245721	0.0
333.537384084	-281.903871457	0.0
333.023284964	-281.505647579	0.0
332.171722464	-280.847230829	0.0
331.645202689	-280.439546504	0.0
331.164856007	-280.05969421	0.0
330.663696339	-279.670503537	0.0
330.663696339	-279.129152217	0.0
329.931915334	-279.129152217	0.0
329.467926075	-278.803529654	0.0
328.53729253	-278.212617789	0.0
328.094726614	-277.937349238	0.0
327.565765431	-277.607301631	0.0
326.894805959	-277.189149778	0.0
326.052703909	-276.665895377	0.0
325.511138967	-276.329805288	0.0
324.89215093	-275.945802605	0.0
324.284393362	-275.568025506	0.0
323.68209844	-275.194093621	0.0
323.054534963	-274.803651731	0.0
322.378204396	-274.383607782	0.0
321.780029348	-274.01205627	0.0
321.20803838	-273.656526482	0.0
320.229217579	-273.04806701	0.0
319.797302298	-272.779848017	0.0
319.150146536	-272.37887756	0.0
318.625244191	-272.052858271	0.0
318.102539113	-271.728639522	0.0
317.569549612	-271.39776794	0.0
316.813690237	-270.928865349	0.0
316.281555226	-270.598543083	0.0
315.759155324	-270.274568474	0.0
314.870422414	-269.723848259	0.0
314.067657523	-269.226228635	0.0
313.31591802	-268.759462275	0.0
312.589538625	-268.3100299	0.0
311.675537159	-267.741365352	0.0
311.066864064	-267.363740837	0.0
310.17831426	-266.811891475	0.0
309.331329396	-266.285402217	0.0
308.574035695	-265.822053827	0.0
308.064849904	-265.475709832	0.0
307.123077443	-264.807710564	0.0
306.593689015	-264.443025505	0.0
306.033172659	-264.055299678	0.0
305.377258353	-263.600129998	0.0
304.896209767	-263.265626824	0.0
304.431488088	-262.94296447	0.0
303.741882376	-262.464052119	0.0
303.245880178	-262.128541865	0.0
302.637939505	-261.690675655	0.0
302.203887989	-261.320588984	0.0
301.778656057	-260.974275506	0.0
301.259399464	-260.55801574	0.0
300.812469534	-260.200563346	0.0
299.940002492	-259.500123894	0.0
299.134063772	-258.851411737	0.0
298.670929005	-258.477510372	0.0
298.272216848	-258.15039245	0.0
297.842468313	-257.827546991	0.0
297.400695851	-257.487367549	0.0
296.936431937	-257.129701532	0.0
296.462951711	-256.763276973	0.0
296.019989064	-256.421419059	0.0
295.584075978	-256.085084833	0.0
294.912170461	-255.566499626	0.0
294.341339161	-255.125291743	0.0
293.729553274	-254.653505244	0.0
293.148040822	-254.204393304	0.0
292.661956838	-253.82834045	0.0
292.179901174	-253.455812373	0.0
291.76486211	-253.135347287	0.0
291.255279592	-252.741304317	0.0
290.722168019	-252.329042352	0.0
290.179840138	-251.910112301	0.0
289.758667043	-251.584321896	0.0
289.35107427	-251.269151605	0.0
288.843231253	-250.876283565	0.0
288.213745167	-250.389909664	0.0
287.661956839	-249.963029779	0.0
287.181732228	-249.591493524	0.0
286.704681448	-249.223070064	0.0
286.099884084	-248.75587646	0.0
285.506103567	-248.296586906	0.0
285.049438527	-247.943818967	0.0
284.590454152	-247.589235225	0.0
284.183807423	-247.27514831	0.0
283.702545216	-246.903322137	0.0
282.991821341	-246.353654778	0.0
282.436279347	-245.924562371	0.0
281.715972951	-245.368013299	0.0
281.222320608	-244.98645202	0.0
280.685302785	-244.571107783	0.0
280.070892384	-244.096300044	0.0
279.430419973	-243.601411737	0.0
279.001861623	-243.270143425	0.0
278.470550588	-242.859514156	0.0
277.887573293	-242.409013667	0.0
277.365478567	-242.005601801	0.0
276.857177785	-241.610795896	0.0
276.452087453	-241.296739495	0.0
276.050140433	-240.987596432	0.0
275.605133107	-240.703767694	0.0
275.124054006	-240.50032226	0.0
274.515716603	-240.344423212	0.0
273.990661672	-240.285600579	0.0
273.413208059	-240.297059931	0.0
272.906829885	-240.372011104	0.0
272.356140187	-240.5201892	0.0
271.798126272	-240.763307491	0.0
271.370422415	-241.024904169	0.0
270.930694631	-241.37913696	0.0
270.533630423	-241.796358025	0.0
270.236511282	-242.19886962	0.0
269.969299367	-242.672853386	0.0
269.764923146	-243.176927485	0.0
269.62310796	-243.720247189	0.0
269.552520803	-244.326555171	0.0
269.560668997	-244.833894646	0.0
269.638488821	-245.391054071	0.0
269.76715093	-245.883012689	0.0
269.987487844	-246.478670038	0.0
270.193267873	-247.104234611	0.0
270.391998342	-247.705614008	0.0
270.601715138	-248.288835444	0.0
270.826171925	-248.757753289	0.0
271.094818166	-249.201051629	0.0
271.407226613	-249.6145343	0.0
271.893768361	-250.119111933	0.0
272.341064505	-250.459337154	0.0
272.762023977	-250.782655635	0.0
273.309661917	-251.147737418	0.0
273.886138967	-251.461839597	0.0
274.438415578	-251.776857293	0.0
275.037536671	-252.110429683	0.0
275.635131888	-252.471071161	0.0
276.145660451	-252.8669757	0.0
276.577636769	-253.227586663	0.0
277.109619191	-253.63992492	0.0
277.569610647	-254.00299255	0.0
277.99572759	-254.342302241	0.0
278.497863821	-254.742204584	0.0
278.992553763	-255.126695551	0.0
279.705047658	-255.731782836	0.0
280.255584769	-256.185670767	0.0
280.783691458	-256.622102655	0.0
281.134674123	-257.041719351	0.0
281.779785206	-257.449617306	0.0
282.196685843	-257.794893182	0.0
282.730011036	-258.238130485	0.0
283.26425176	-258.682374871	0.0
283.85308843	-259.170350948	0.0
284.577087454	-259.771699823	0.0
284.970977835	-260.099153435	0.0
285.401702932	-260.456422728	0.0
286.07449346	-261.014894402	0.0
286.516723683	-261.382600701	0.0
286.957214407	-261.748140253	0.0
287.422241262	-262.133394162	0.0
288.07119756	-262.672365106	0.0
288.801910452	-263.278108511	0.0
289.27029424	-263.666109001	0.0
289.792327932	-264.098512568	0.0
290.288635306	-264.507936399	0.0
290.826202443	-264.952211295	0.0
291.342010548	-265.378908076	0.0
292.231536916	-266.118745719	0.0
292.725433399	-266.5275592	0.0
293.301757862	-267.007692256	0.0
293.898681691	-267.502565303	0.0
294.433288624	-267.946229854	0.0
294.995544483	-268.413789666	0.0
295.490020802	-268.824434197	0.0
296.385284475	-269.575593865	0.0
296.884124806	-269.988954463	0.0
297.390167287	-270.379182733	0.0
297.889251759	-270.746461789	0.0
298.416442922	-271.14169494	0.0
299.022155813	-271.597566522	0.0
299.590179494	-272.024751579	0.0
300.444763235	-272.656648551	0.0
300.950775198	-273.058595577	0.0
301.442993216	-273.446596063	0.0
302.005004934	-273.884065547	0.0
302.494903614	-274.266054073	0.0
302.986480764	-274.649629511	0.0
303.677063039	-275.192842402	0.0
304.244293264	-275.628602902	0.0
304.895446828	-276.114747919	0.0
305.361297659	-276.466005243	0.0
305.811309866	-276.806550896	0.0
306.275024464	-277.156984245	0.0
306.760681204	-277.52362243	0.0
307.163665822	-277.826723015	0.0
307.620422415	-278.170778192	0.0
308.125976614	-278.551271358	0.0
308.580993704	-278.895051877	0.0
309.182983448	-279.348482049	0.0
309.978118946	-279.947908319	0.0
310.520324757	-280.356141963	0.0
310.996093801	-280.714662468	0.0
311.625061087	-281.188203728	0.0
312.300384572	-281.696931757	0.0
312.893066458	-282.143464959	0.0
313.462310842	-282.572053829	0.0
314.08380132	-283.039705193	0.0
314.800262501	-283.578737178	0.0
315.761627249	-284.303071895	0.0
316.394683888	-284.780305783	0.0
317.107971241	-285.31762878	0.0
317.42175298	-285.804689326	0.0
318.595855764	-286.44082824	0.0
319.287200979	-286.961458125	0.0
319.966156057	-287.47320739	0.0
320.380432181	-287.784974971	0.0
321.096740774	-288.323884883	0.0
321.792175344	-288.846528925	0.0
322.220947317	-289.168672476	0.0
322.635467581	-289.480134881	0.0
323.594726614	-290.201265254	0.0
324.57235723	-290.927003779	0.0
325.247467091	-291.463106075	0.0
326.27206426	-292.304323114	0.0
327.003967335	-292.900819699	0.0
328.277252248	-293.939454951	0.0
328.911254933	-294.45736877	0.0
329.584838918	-295.007783809	0.0
330.510986379	-295.763490597	0.0
331.096374562	-296.241914665	0.0
331.680969289	-296.71945373	0.0
332.281494191	-297.209413447	0.0
332.98260503	-297.781343381	0.0
333.609710743	-298.293123162	0.0
334.383331349	-298.92422668	0.0
335.110473684	-299.517366328	0.0
335.762786917	-300.048921505	0.0
336.49407964	-300.645662224	0.0
337.171020559	-301.198182977	0.0
337.869781544	-301.767366328	0.0
338.821777395	-302.544099725	0.0
339.480407766	-303.081544793	0.0
340.262268117	-303.719087516	0.0
340.908416799	-304.246217648	0.0
341.558837941	-304.781129755	0.0
342.134368948	-305.239808956	0.0
343.010833791	-305.940034785	0.0
343.715484669	-306.50372497	0.0
344.299926808	-306.972413936	0.0
344.851165823	-307.413362424	0.0
345.479522757	-307.914949337	0.0
346.054229788	-308.374391472	0.0
347.044921926	-309.171235957	0.0
348.292419483	-310.134248654	0.0
349.286621145	-310.889619747	0.0
350.137603811	-311.537782588	0.0
351.253540089	-312.385499871	0.0
351.876678518	-312.859529413	0.0
352.44708257	-313.293275751	0.0
353.040741018	-313.74435607	0.0
353.63711553	-314.197450555	0.0
354.358123829	-314.745790403	0.0
355.204742484	-315.389345088	0.0
355.812103323	-315.850923453	0.0
356.729400686	-316.548463739	0.0
357.188598683	-316.89724914	0.0
357.668762258	-317.262147823	0.0
358.212280324	-317.675050653	0.0
358.751953177	-318.084901729	0.0
359.308960012	-318.507783806	0.0
359.786071829	-318.870210566	0.0
360.58267217	-319.475343622	0.0
361.057952932	-319.836152951	0.0
361.5462647	-320.207094108	0.0
362.354370169	-320.820772087	0.0
362.852020315	-321.198732293	0.0
363.339019825	-321.568666375	0.0
363.864410452	-321.967683711	0.0
364.403198293	-322.37680236	0.0
365.007049612	-322.835420527	0.0
365.507873587	-323.215639031	0.0
366.500457815	-323.969270623	0.0
367.015594533	-324.360109246	0.0
367.566223194	-324.778077999	0.0
368.105835011	-325.187654412	0.0
368.570800832	-325.540315545	0.0
369.107452442	-325.947420041	0.0
369.927581838	-326.569490349	0.0
370.516204884	-327.015687858	0.0
371.288391165	-327.601564328	0.0
371.798278859	-327.987947382	0.0
372.347686819	-328.404329218	0.0
372.870117238	-328.800538934	0.0
373.74649053	-329.464845576	0.0
374.266662649	-329.859041131	0.0
374.78656011	-330.25348083	0.0
375.26058965	-330.613008415	0.0
375.819213919	-331.036531365	0.0
376.675293019	-331.685426628	0.0
377.513916067	-332.321596063	0.0
378.031646779	-332.714143672	0.0
378.551879935	-333.108644403	0.0
379.138092091	-333.552949824	0.0
379.781189017	-334.04077331	0.0
380.336242726	-334.46164123	0.0
381.248321583	-335.152376093	0.0
381.848754933	-335.607637325	0.0
382.56289678	-336.148652948	0.0
383.157318165	-336.598695674	0.0
383.717926077	-337.023500359	0.0
384.340393116	-337.495210565	0.0
384.903625539	-337.922059929	0.0
385.530548147	-338.396516719	0.0
386.02923589	-338.774202264	0.0
386.910583547	-339.441224971	0.0
387.424591116	-339.830018914	0.0
388.024108937	-340.284303579	0.0
388.671875051	-340.777345575	0.0
389.192565968	-341.171388544	0.0
389.783264212	-341.617586053	0.0
390.680694631	-342.297456661	0.0
391.33593755	-342.79379455	0.0
391.818023733	-343.159334102	0.0
392.468811086	-343.649476922	0.0
393.148803761	-344.166200555	0.0
393.73916631	-344.614290159	0.0
394.341095021	-345.070222771	0.0
394.924499562	-345.51431457	0.0
395.634033254	-346.052156363	0.0
396.53527837	-346.738527214	0.0
397.420654347	-347.408662712	0.0
397.999481253	-347.847536008	0.0
398.987640432	-348.599336542	0.0
399.68334966	-349.128663935	0.0
400.34640508	-349.630861199	0.0
401.282959036	-350.338869012	0.0
401.975616506	-350.865144646	0.0
402.573730521	-351.317994993	0.0
403.180542042	-351.775941765	0.0
403.794036915	-352.240205683	0.0
404.407867482	-352.705293575	0.0
405.384674124	-353.445405876	0.0
406.133789113	-354.012514036	0.0
406.850402882	-354.555269158	0.0
407.552825978	-355.087434687	0.0
407.967346242	-355.401430049	0.0
408.558075003	-355.84893981	0.0
409.514068654	-356.573274531	0.0
410.181518606	-357.07086364	0.0
410.891784719	-357.615846553	0.0
411.290222218	-357.94626037	0.0
411.865570118	-358.420198358	0.0
412.541564992	-358.972810663	0.0
413.175140431	-359.489931026	0.0
414.141143849	-360.279725947	0.0
414.832366994	-360.845308222	0.0
415.454071096	-361.353975212	0.0
416.317749075	-362.060914911	0.0
416.632202199	-362.560853874	0.0
417.231964163	-362.813630974	0.0
418.224609425	-363.6074237	0.0
418.770385792	-364.038179318	0.0
419.609771779	-364.703309932	0.0
420.438659719	-365.360200799	0.0
421.139648488	-365.914918818	0.0
421.694213918	-366.353914177	0.0
422.496063282	-366.988588249	0.0
423.044769338	-367.422792354	0.0
423.595611622	-367.858766476	0.0
424.266754201	-368.389284051	0.0
425.147552541	-369.086458121	0.0
425.806457571	-369.607606806	0.0
426.701690724	-370.315523067	0.0
427.236816458	-370.738832393	0.0
427.88208013	-371.249269402	0.0
428.41949468	-371.674531853	0.0
428.985870412	-372.122560419	0.0
429.889892629	-372.837648313	0.0
430.443450978	-373.275697625	0.0
431.106628468	-373.800416865	0.0
431.709198048	-374.277192988	0.0
432.313781788	-374.756013788	0.0
432.900207569	-375.220033564	0.0
433.461059621	-375.663728635	0.0
434.128387501	-376.192476188	0.0
434.999084522	-376.881746212	0.0
435.623748829	-377.375520623	0.0
436.270080617	-377.887269892	0.0
436.855163625	-378.350374141	0.0
437.521850636	-378.877778925	0.0
438.314025929	-379.504121698	0.0
438.86138921	-379.939699092	0.0
439.432769825	-380.392122184	0.0
439.977569631	-380.823060907	0.0
440.525116017	-381.256318965	0.0
441.113739065	-381.725038447	0.0
441.963684132	-382.398439324	0.0
442.565307668	-382.874696651	0.0
443.535400442	-383.643434444	0.0
444.22241216	-384.187257682	0.0
445.096160939	-384.879182735	0.0
445.98590093	-385.583833613	0.0
446.287963917	-386.034883418	0.0
446.846588186	-386.265748894	0.0
447.554870657	-386.826631462	0.0
448.175598195	-387.318483268	0.0
448.796264699	-387.810243526	0.0
449.388031058	-388.278749384	0.0
449.958099416	-388.730073845	0.0
450.52420049	-389.178682244	0.0
451.209198049	-389.721132197	0.0
452.423400929	-390.68231384	0.0
453.314178517	-391.387636102	0.0
454.323028615	-392.186311638	0.0
454.86642461	-392.616731564	0.0
455.454986623	-393.082704462	0.0
456.569580129	-393.965364375	0.0
457.139373829	-394.416627802	0.0
457.770813039	-394.92007629	0.0
458.552887012	-395.532380981	0.0
459.118927053	-395.96264831	0.0
459.902008108	-396.56207458	0.0
460.466980031	-396.995546258	0.0
461.06652837	-397.455018914	0.0
461.57434087	-397.84381286	0.0
462.12802129	-398.267671504	0.0
462.695983937	-398.702699579	0.0
463.267211966	-399.139924922	0.0
463.797851612	-399.54638854	0.0
464.344024708	-399.964845574	0.0
464.945251515	-400.425386349	0.0
465.491760304	-400.843721309	0.0
466.097900441	-401.308137808	0.0
466.669982961	-401.746309198	0.0
467.221435597	-402.168245233	0.0
467.828308157	-402.632722772	0.0
468.358856252	-403.03863708	0.0
469.130157521	-403.627351682	0.0
469.702270558	-404.065736686	0.0
470.19494634	-404.443269647	0.0
470.746124319	-404.863862907	0.0
471.382354788	-405.350496209	0.0
471.635620168	-405.974611201	0.0
472.197235158	-405.974611201	0.0
472.772155813	-406.414827267	0.0
473.316955617	-406.831941524	0.0
473.875824025	-407.259767452	0.0
474.284881643	-407.57290832	0.0
474.874877981	-408.024568478	0.0
475.633514456	-408.605379023	0.0
476.179657033	-409.023439327	0.0
476.895446828	-409.571412959	0.0
477.776184133	-410.245607295	0.0
478.32284551	-410.664094842	0.0
478.876556448	-411.087953489	0.0
479.566986136	-411.616456903	0.0
480.145599415	-412.059389032	0.0
480.644348196	-412.44113342	0.0
481.577056936	-413.155153194	0.0
482.184295706	-413.619905387	0.0
482.730133107	-414.037721553	0.0
483.327789357	-414.495241081	0.0
484.127166799	-415.107118526	0.0
485.008117727	-415.781434931	0.0
485.47204595	-416.136567985	0.0
485.987213185	-416.530885615	0.0
486.734283498	-417.10266296	0.0
487.245422415	-417.493959345	0.0
487.835540823	-417.946840205	0.0
488.320190481	-418.319093619	0.0
488.845916799	-418.721712029	0.0
489.352752737	-419.109620966	0.0
489.850036672	-419.4912738	0.0
490.364715627	-419.886659541	0.0
490.903045706	-420.299287714	0.0
491.460510306	-420.727052606	0.0
492.004180959	-421.141847528	0.0
492.508361867	-421.527711787	0.0
493.313018849	-422.143556513	0.0
493.815368703	-422.528718862	0.0
494.429748586	-422.998903194	0.0
494.96951299	-423.411226194	0.0
495.535675099	-423.84454528	0.0
496.293884328	-424.425081172	0.0
496.768035939	-424.787843622	0.0
497.614135793	-425.435701288	0.0
498.146728565	-425.843507686	0.0
498.637420705	-426.21917907	0.0
499.113861134	-426.583528437	0.0
500.135620167	-427.365968625	0.0
500.651855519	-427.760988152	0.0
501.231079152	-428.203706659	0.0
501.954193167	-428.756715693	0.0
502.460266165	-429.144258419	0.0
503.897094777	-430.243471064	0.0
504.455688528	-430.671235954	0.0
505.198364309	-431.239961544	0.0
505.716705374	-431.636690058	0.0
506.474639943	-432.217164909	0.0
507.085845999	-432.685182489	0.0
507.610992483	-433.087160028	0.0
508.099273733	-433.461152948	0.0
508.625824026	-433.864351192	0.0
509.647735646	-434.646913449	0.0
510.214874319	-435.081361689	0.0
510.805938771	-435.533754267	0.0
511.359405568	-435.957673946	0.0
511.902679495	-436.373750603	0.0
512.532165578	-436.855592645	0.0
513.074646046	-437.270753777	0.0
514.258361867	-438.176881711	0.0
514.807312063	-438.597017209	0.0
515.355896047	-439.016908562	0.0
516.172851613	-439.641939078	0.0
516.744323782	-440.079103389	0.0
517.643310599	-440.76718322	0.0
518.182251028	-441.179475701	0.0
518.910339405	-441.736665645	0.0
519.417785695	-442.124818719	0.0
519.962341359	-442.541566766	0.0
520.845398001	-443.218446648	0.0
521.634887747	-443.822725209	0.0
522.510742239	-444.493623654	0.0
523.094177297	-444.941530145	0.0
523.638305714	-445.358186639	0.0
524.264160208	-445.838319696	0.0
524.88208013	-446.311769403	0.0
525.455322317	-446.749818719	0.0
525.997192434	-447.164033805	0.0
527.040893606	-447.963289181	0.0
527.68524175	-448.455720821	0.0
528.511413626	-449.088228144	0.0
529.035095266	-449.488374624	0.0
529.594299368	-449.915834344	0.0
530.279968312	-450.442567746	0.0
530.868652394	-450.892793574	0.0
531.55786138	-451.420228879	0.0
532.126709036	-451.856752312	0.0
532.741638235	-452.327974241	0.0
533.574401905	-452.965669549	0.0
534.132080128	-453.391298214	0.0
534.680175832	-453.810609736	0.0
535.36871343	-454.337953486	0.0
536.250854542	-455.011720574	0.0
536.771911673	-455.410463254	0.0
537.342285207	-455.847383414	0.0
537.958496144	-456.31921569	0.0
538.965454152	-457.090700068	0.0
539.821899465	-457.746492303	0.0
540.171447805	-458.44827453	0.0
540.738403371	-458.44827453	0.0
541.65411382	-459.149324336	0.0
542.296081594	-459.640535275	0.0
543.340820362	-460.44021789	0.0
544.214538625	-461.10885803	0.0
545.057922414	-461.754152216	0.0
545.63635259	-462.196931757	0.0
546.192138722	-462.616823115	0.0
547.006835988	-463.255769648	0.0
547.869873099	-463.929597774	0.0
548.455566457	-464.386293327	0.0
549.017395071	-464.82428161	0.0
549.838989308	-465.465486445	0.0
550.52343755	-465.999574578	0.0
551.086792043	-466.439332877	0.0
551.664672903	-466.890413201	0.0
552.273620656	-467.365846555	0.0
552.559143118	-468.080385125	0.0
553.188964893	-468.080385125	0.0
553.841552785	-468.589784542	0.0
554.866821339	-469.389497672	0.0
555.481506399	-469.868959342	0.0
556.176879934	-470.411348263	0.0
557.104370169	-471.13376037	0.0
557.876037649	-471.735109246	0.0
558.639526417	-472.329988399	0.0
559.601684621	-473.078737176	0.0
560.240966847	-473.577394404	0.0
560.880310108	-474.075502311	0.0
561.514160208	-474.569734491	0.0
562.146667532	-475.063814081	0.0
562.718200734	-475.510469358	0.0
563.422485402	-476.06006042	0.0
564.053283743	-476.552949822	0.0
564.91809087	-477.228456417	0.0
565.542541554	-477.715547481	0.0
566.124939016	-478.170839228	0.0
566.721313527	-478.636201777	0.0
567.406738332	-479.170869744	0.0
567.982177786	-479.619783319	0.0
568.571899464	-480.081056511	0.0
569.499816946	-480.805147089	0.0
570.187377979	-481.341615595	0.0
571.213745168	-482.143556511	0.0
571.766357474	-482.574190059	0.0
572.343872121	-483.024660029	0.0
573.494384817	-483.92132751	0.0
573.767944386	-484.353212276	0.0
574.307251027	-484.555025018	0.0
575.306884816	-485.33386413	0.0
576.424865772	-486.205202022	0.0
576.95312505	-486.616731562	0.0
577.499023488	-487.042421262	0.0
578.058471731	-487.478212274	0.0
578.763671925	-488.02752868	0.0
579.320861866	-488.461885369	0.0
579.927307179	-488.933961786	0.0
580.505981497	-489.385072629	0.0
581.065490775	-489.820894161	0.0
581.631652884	-490.261781612	0.0
582.406189015	-490.86551086	0.0
583.311157278	-491.570375361	0.0
583.883728079	-492.01657287	0.0
584.450988821	-492.458772576	0.0
585.352172903	-493.161012568	0.0
586.074890188	-493.724580684	0.0
586.791076712	-494.282808219	0.0
587.430481007	-494.781434932	0.0
588.053283742	-495.26709167	0.0
588.63470464	-495.720308222	0.0
589.495910695	-496.392030634	0.0
590.533569388	-497.201082146	0.0
591.269897511	-497.775209344	0.0
591.942016653	-498.299196162	0.0
592.566650442	-498.786409296	0.0
593.424255422	-499.454896845	0.0
593.424255422	-499.992677606	0.0
594.113647512	-499.992677606	0.0
594.615234425	-500.383821405	0.0
595.175537159	-500.820314326	0.0
595.716552786	-501.24209777	0.0
596.768493703	-502.061830438	0.0
597.384887747	-502.541963496	0.0
598.271728566	-503.232637324	0.0
599.330688527	-504.057161246	0.0
599.87072759	-504.477723995	0.0
600.427795462	-504.910921013	0.0
601.453552298	-505.709657584	0.0
602.260803272	-506.337617794	0.0
603.06427007	-506.962709343	0.0
603.568969777	-507.355623164	0.0
604.110595755	-507.777101432	0.0
604.665161184	-508.209291375	0.0
606.149902395	-509.365358271	0.0
606.923645071	-509.968843378	0.0
607.676452687	-510.555482783	0.0
608.554016164	-511.240388788	0.0
609.176086477	-511.724946893	0.0
609.72857671	-512.15606872	0.0
610.300598196	-512.602357782	0.0
611.422302297	-513.47735778	0.0
611.979309134	-513.911744989	0.0
612.673950247	-514.452882685	0.0
613.536621146	-515.12567321	0.0
614.079040577	-515.548097527	0.0
614.609008839	-515.960695185	0.0
615.701049856	-516.810792842	0.0
616.320678761	-517.292970574	0.0
617.623352102	-518.307130733	0.0
618.264038138	-518.805848991	0.0
619.184692434	-519.522279658	0.0
619.96295171	-520.127992547	0.0
619.96295171	-520.6966571	0.0
620.693603566	-520.6966571	0.0
621.282836964	-521.155214228	0.0
621.832336477	-521.583070676	0.0
622.379577688	-522.009157098	0.0
623.231262258	-522.672120967	0.0
624.511169485	-523.668702997	0.0
625.135681203	-524.156190791	0.0
625.72619634	-524.616701043	0.0
626.566589406	-525.271058956	0.0
627.104614308	-525.690309441	0.0
628.060546925	-526.436098019	0.0
628.626464894	-526.876527706	0.0
629.174682668	-527.302980339	0.0
629.75329595	-527.753297724	0.0
630.304443409	-528.1820697	0.0
631.091247609	-528.794435417	0.0
632.032409718	-529.527223507	0.0
632.574951223	-529.949647823	0.0
633.134826712	-530.385438838	0.0
633.74322515	-530.859865105	0.0
634.305603078	-531.297914425	0.0
634.895568899	-531.757142938	0.0
635.573486378	-532.28552429	0.0
636.473999075	-532.987672725	0.0
637.025146535	-533.417238154	0.0
637.612487844	-533.87518493	0.0
638.471191457	-534.544313351	0.0
639.024108939	-534.975099482	0.0
639.953186086	-535.698915399	0.0
640.748291067	-536.318605341	0.0
641.84375005	-537.173097528	0.0
642.439392142	-537.637452996	0.0
643.074768118	-538.132509148	0.0
644.00982671	-538.861940304	0.0
644.912902883	-539.56457702	0.0
645.481262258	-540.007265009	0.0
646.348205617	-540.680787959	0.0
647.023254445	-541.205568232	0.0
647.680481008	-541.716920768	0.0
648.593200735	-542.42559997	0.0
649.450927786	-543.092653191	0.0
650.062377981	-543.56775085	0.0
650.629943898	-544.009523311	0.0
651.664917043	-544.814393914	0.0
652.242797902	-545.264100947	0.0
652.817077688	-545.71100036	0.0
653.71612554	-546.410585319	0.0
654.405822804	-546.946657099	0.0
654.803955128	-547.25634948	0.0
655.212890675	-547.574464715	0.0
655.875122121	-548.089723503	0.0
656.502075245	-548.577028192	0.0
657.128234915	-549.064210809	0.0
658.030578664	-549.766908564	0.0
658.740600636	-550.319703975	0.0
659.316894582	-550.768800653	0.0
659.907104542	-551.228700561	0.0
660.778320363	-551.905275262	0.0
661.384643606	-552.377931513	0.0
661.989563039	-552.848146357	0.0
662.711059622	-553.407777703	0.0
663.281921437	-553.851442258	0.0
663.862609914	-554.303468622	0.0
664.47241216	-554.776857296	0.0
665.057067923	-555.231569211	0.0
665.702453663	-555.733461297	0.0
666.129211476	-556.065492547	0.0
666.805297902	-556.591493526	0.0
667.444152883	-557.088197626	0.0
668.404907278	-557.835328971	0.0
669.024231008	-558.317567745	0.0
669.744018606	-558.877382196	0.0
670.428894093	-559.410097039	0.0
671.057861379	-559.900697631	0.0
671.932617239	-560.581117547	0.0
672.717895558	-561.192445674	0.0
673.314086964	-561.656923212	0.0
673.921508841	-562.130311883	0.0
674.473022512	-562.559694207	0.0
675.656555227	-563.480836787	0.0
676.258361868	-563.950075068	0.0
677.289489797	-564.752870481	0.0
677.903808645	-565.230897822	0.0
679.074401906	-566.142518912	0.0
679.707458547	-566.635255731	0.0
681.063598683	-567.690614618	0.0
681.628601125	-568.130372919	0.0
682.478393606	-568.79181091	0.0
683.332214405	-569.456300655	0.0
683.962097218	-569.946473992	0.0
684.595703176	-570.439515988	0.0
685.760253957	-571.344911492	0.0
686.309692434	-571.772401725	0.0
686.888000539	-572.222230829	0.0
687.977233937	-573.068361202	0.0
688.849426321	-573.746034543	0.0
689.703064016	-574.408998408	0.0
690.4993897	-575.028322139	0.0
691.036132863	-575.444948112	0.0
691.687805228	-575.951906121	0.0
692.189086966	-576.342042845	0.0
692.719665579	-576.754579463	0.0
693.247558645	-577.165346063	0.0
693.847900441	-577.632875362	0.0
694.434631399	-578.089418329	0.0
695.082824757	-578.595277707	0.0
695.582458546	-578.984865107	0.0
696.337097219	-579.572816765	0.0
696.934143116	-580.038942256	0.0
697.455627493	-580.445985712	0.0
698.043029836	-580.902345576	0.0
698.609497121	-581.343446651	0.0
699.110351614	-581.733156119	0.0
699.635376027	-582.141847528	0.0
700.411010793	-582.743043817	0.0
700.927978567	-583.144411006	0.0
701.56591802	-583.641420282	0.0
702.598388723	-584.443849482	0.0
703.056030324	-584.802125848	0.0
703.862304739	-585.430360713	0.0
704.443603567	-585.88275329	0.0
704.979492238	-586.301027217	0.0
705.46447759	-586.679078972	0.0
706.434326222	-587.433595578	0.0
707.138671926	-587.981630246	0.0
707.709777883	-588.426027215	0.0
708.418273977	-588.977113644	0.0
708.905517628	-589.358278194	0.0
709.388488821	-589.74151794	0.0
710.302612355	-590.41388122	0.0
711.079040577	-590.988161005	0.0
711.528076223	-591.32098571	0.0
712.176269582	-591.800661003	0.0
712.780090383	-592.247072137	0.0
713.191284231	-592.551088251	0.0
713.894470265	-593.070802607	0.0
714.313537647	-593.380556027	0.0
714.91357427	-593.824098505	0.0
715.338378957	-594.138063348	0.0
716.007141164	-594.632387079	0.0
716.509948782	-595.003969108	0.0
716.931823781	-595.315797724	0.0
717.34564214	-595.621644891	0.0
717.760192922	-595.928041377	0.0
718.182312062	-596.240114132	0.0
718.766967825	-596.672365108	0.0
719.419555714	-597.15466491	0.0
719.950378468	-597.546937862	0.0
720.714050345	-598.111452019	0.0
721.309143117	-598.551271358	0.0
721.736938527	-598.867555537	0.0
722.55053716	-599.468934932	0.0
723.351745656	-600.061220089	0.0
723.924926809	-600.486024773	0.0
724.543945363	-600.944948114	0.0
725.337463429	-601.531557001	0.0
725.784301809	-601.862367546	0.0
726.237976125	-602.198854366	0.0
726.906677297	-602.694337764	0.0
727.457275441	-603.101625361	0.0
727.907531788	-603.434511105	0.0
728.330078175	-603.747011102	0.0
729.297790578	-604.462709344	0.0
729.901184133	-604.906007685	0.0
730.473571828	-605.329164422	0.0
731.067016652	-605.770570674	0.0
731.48236089	-606.078126826	0.0
732.054748585	-606.498659054	0.0
732.612915091	-606.907350457	0.0
733.021972707	-607.209596551	0.0
733.561584524	-607.61029235	0.0
734.157592825	-608.0537738	0.0
734.490844776	-608.438478386	0.0
735.08142095	-608.732423699	0.0
735.886291555	-609.3294696	0.0
736.320495657	-609.653383174	0.0
736.87310796	-610.063234249	0.0
737.284545948	-610.365602411	0.0
737.891540579	-610.81079284	0.0
738.415649465	-611.240419309	0.0
739.019958547	-611.720704951	0.0
739.721435597	-612.271547236	0.0
740.070129445	-612.904786985	0.0
740.705444387	-613.048219598	0.0
741.285644581	-613.506715693	0.0
741.768066458	-613.888124383	0.0
742.292663625	-614.302553095	0.0
742.813659719	-614.713991082	0.0
743.431823781	-615.202882685	0.0
743.970275929	-615.628236689	0.0
744.517211966	-616.060304559	0.0
745.043396048	-616.476259148	0.0
745.591552784	-616.904970089	0.0
746.130371144	-617.327760613	0.0
746.592163136	-617.743104854	0.0
747.214660696	-618.283815303	0.0
747.716674855	-618.713258662	0.0
748.415039113	-619.314638058	0.0
749.253234914	-620.027223506	0.0
749.692688038	-620.425172721	0.0
750.148925832	-620.902040401	0.0
750.667175345	-621.421327511	0.0
751.061340383	-621.812684929	0.0
751.305664113	-622.367677604	0.0
751.844787647	-622.596864617	0.0
752.440063526	-623.194459835	0.0
752.879211477	-623.634950555	0.0
753.337158255	-624.094423213	0.0
754.026184133	-624.786195674	0.0
754.626892141	-625.388856806	0.0
755.078491262	-625.842042841	0.0
755.540771534	-626.306642454	0.0
755.901733448	-626.669069211	0.0
756.29510503	-627.052003777	0.0
756.864868214	-627.708436885	0.0
757.209960988	-628.099855341	0.0
757.581176809	-628.5147113	0.0
758.007446341	-628.99603454	0.0
758.425598196	-629.464784539	0.0
758.902648976	-630.005311885	0.0
759.33557134	-630.495973507	0.0
759.753906301	-630.978944696	0.0
760.111877493	-631.379823603	0.0
760.471862843	-631.773073113	0.0
760.883789114	-632.299135127	0.0
761.260314992	-632.762330929	0.0
761.638793996	-633.227357784	0.0
762.093078663	-633.782167354	0.0
762.425842336	-634.188905634	0.0
762.851135305	-634.711122431	0.0
763.200195363	-635.137880244	0.0
763.789856007	-635.861207879	0.0
764.182251027	-636.340394889	0.0
764.641906788	-636.901918329	0.0
765.050476125	-637.401979365	0.0
765.478515675	-637.925294793	0.0
765.849792532	-638.379335323	0.0
766.349731497	-638.990236199	0.0
766.759277395	-639.490785514	0.0
767.146667532	-639.964540399	0.0
767.556640676	-640.466188345	0.0
767.90374761	-640.890504756	0.0
768.497741749	-641.616578976	0.0
768.866760306	-642.067811883	0.0
769.378295948	-642.694765011	0.0
769.933044484	-643.234620966	0.0
770.407959034	-643.670228873	0.0
770.829223684	-644.078859247	0.0
771.229675344	-644.458986201	0.0
771.668701223	-644.873231802	0.0
772.173645071	-645.351198112	0.0
772.494506887	-645.750490107	0.0
772.964782766	-646.098695671	0.0
773.375854542	-646.487489621	0.0
773.782653859	-646.871950067	0.0
774.439758351	-647.479982294	0.0
774.856872609	-647.810975951	0.0
775.395080616	-648.280153192	0.0
775.874023487	-648.688661493	0.0
776.351806691	-649.095827022	0.0
776.738586477	-649.43078796	0.0
777.194152882	-649.793153681	0.0
777.731079153	-650.240053094	0.0
778.162353566	-650.596071159	0.0
