804.8822022	-631.211427605	0.0
804.459838919	-630.91150085	0.0
804.012817433	-630.574952997	0.0
803.509521535	-630.309938347	0.0
803.025878958	-630.146608273	0.0
802.462036184	-629.937623897	0.0
801.467895559	-629.555360714	0.0
800.654724173	-629.248598017	0.0
800.133606008	-629.05212585	0.0
799.561401417	-628.836549677	0.0
798.938110403	-628.601564324	0.0
798.435485891	-628.41186706	0.0
797.901001026	-628.218934932	0.0
797.110168508	-627.867494504	0.0
796.569397024	-627.597413935	0.0
796.010253958	-627.334779658	0.0
795.451049856	-627.07922546	0.0
794.934387258	-626.794679558	0.0
794.454223683	-626.452577507	0.0
793.780822804	-625.999391472	0.0
793.278137258	-625.667421263	0.0
792.608825733	-625.218263541	0.0
792.121765188	-624.890016475	0.0
791.479919485	-624.457826532	0.0
791.023132375	-624.150575557	0.0
790.559509328	-623.838136591	0.0
789.960571339	-623.434205924	0.0
789.500366262	-623.124696649	0.0
789.002746633	-622.798707877	0.0
788.531311085	-622.455690302	0.0
788.024108937	-622.085695184	0.0
787.523864798	-621.729677117	0.0
787.020019582	-621.369264522	0.0
786.512023977	-621.004762566	0.0
786.014099172	-620.647401727	0.0
785.493652394	-620.268373406	0.0
784.977661184	-619.886842646	0.0
784.281982473	-619.376954949	0.0
783.766845754	-618.998720088	0.0
783.25189214	-618.620607296	0.0
782.724365285	-618.232789911	0.0
782.240295461	-617.886354365	0.0
781.803161671	-617.544252314	0.0
781.05468755	-616.95379821	0.0
780.373657276	-616.424440304	0.0
779.513671926	-615.753847041	0.0
779.050231985	-615.391908564	0.0
778.4938355	-614.955751336	0.0
777.815368702	-614.425905144	0.0
777.247314503	-613.982362668	0.0
776.687927296	-613.541749873	0.0
776.143127492	-613.114869991	0.0
775.597229056	-612.688600456	0.0
774.961120655	-612.190065305	0.0
774.52117925	-611.843324578	0.0
773.797851613	-611.277467647	0.0
773.166198781	-610.782899772	0.0
772.64013677	-610.371522819	0.0
771.947143605	-609.81915466	0.0
771.417114309	-609.431947626	0.0
770.880981495	-609.029359736	0.0
770.177002004	-608.498292841	0.0
769.654724171	-608.10540954	0.0
769.130249075	-607.706239616	0.0
768.606628468	-607.300844112	0.0
767.900878956	-606.759584344	0.0
767.193420461	-606.215455927	0.0
766.656311085	-605.802186886	0.0
766.103271536	-605.376466668	0.0
765.361999563	-604.805971063	0.0
764.459472707	-604.111940305	0.0
763.722045948	-603.544801631	0.0
762.983581595	-602.976381219	0.0
762.434570364	-602.559938351	0.0
761.706359914	-601.995057975	0.0
760.941101125	-601.406740107	0.0
760.165588429	-600.810304558	0.0
759.59375005	-600.370546259	0.0
759.025268607	-599.933778677	0.0
758.283386281	-599.363038933	0.0
757.64074712	-598.869264519	0.0
757.194580128	-598.526307977	0.0
756.760620167	-598.192445672	0.0
756.121215871	-597.701234735	0.0
755.392273	-597.140993034	0.0
754.755554251	-596.651430047	0.0
754.033081105	-596.096437373	0.0
753.505310109	-595.690553585	0.0
753.164001516	-595.162172236	0.0
752.648376516	-595.030214227	0.0
752.296752981	-594.629396356	0.0
751.82159429	-594.40594665	0.0
751.356262257	-593.995668332	0.0
750.860168507	-593.553407587	0.0
750.436157277	-593.188783566	0.0
749.937255909	-592.773073115	0.0
749.557373098	-592.414735711	0.0
749.06768804	-591.866395866	0.0
748.691345266	-591.34680358	0.0
748.219177297	-590.552186887	0.0
747.843444876	-589.948732294	0.0
747.352111868	-589.157899775	0.0
746.773620656	-588.209535517	0.0
746.386352589	-587.420473018	0.0
746.166381886	-586.800050654	0.0
746.006164602	-586.134950555	0.0
745.870361378	-585.430421745	0.0
745.679809622	-584.48455993	0.0
745.524902396	-583.781373897	0.0
745.400512747	-583.099733269	0.0
745.326477102	-582.214296259	0.0
745.403137257	-581.323915402	0.0
745.578430225	-580.486818233	0.0
745.69104009	-579.628175655	0.0
745.97290044	-579.034120475	0.0
746.275756886	-578.354494015	0.0
746.680969289	-577.715089717	0.0
747.138916066	-576.952333369	0.0
747.436279348	-576.462770378	0.0
747.843322805	-575.815858762	0.0
748.445556692	-575.036806025	0.0
748.800598194	-574.553712765	0.0
749.158691456	-574.066408078	0.0
749.627624561	-573.429017937	0.0
749.987915089	-572.928407588	0.0
750.390625052	-572.455873407	0.0
750.784729054	-571.961610714	0.0
751.177490284	-571.461549678	0.0
751.567688039	-570.971681512	0.0
751.946167044	-570.498720087	0.0
752.323120167	-570.010438834	0.0
752.728881887	-569.544130244	0.0
753.146301321	-569.048280634	0.0
753.560668995	-568.551759636	0.0
753.972778371	-568.061159051	0.0
754.375183157	-567.582460323	0.0
754.782592825	-567.097902214	0.0
755.200988819	-566.600648797	0.0
755.729003956	-565.973146357	0.0
756.194030811	-565.419984736	0.0
756.679504445	-564.842897331	0.0
757.061340382	-564.389100948	0.0
757.583374074	-563.768678581	0.0
757.978881887	-563.299013054	0.0
758.462646535	-562.724428097	0.0
758.783874562	-562.328309934	0.0
759.283569387	-561.794740596	0.0
759.629516653	-561.404786983	0.0
760.038391164	-560.944581902	0.0
760.385681202	-560.555543818	0.0
760.921386769	-559.954347529	0.0
761.312439014	-559.517030635	0.0
761.707702687	-559.084535514	0.0
762.06439214	-558.672487177	0.0
762.373474172	-558.253908076	0.0
762.639648488	-557.808839716	0.0
762.848632862	-557.327760616	0.0
763.047302296	-556.78521911	0.0
763.259338429	-556.191102899	0.0
763.478332571	-555.547975456	0.0
763.704040579	-554.889650263	0.0
763.981872609	-554.241701044	0.0
764.256469777	-553.562196651	0.0
764.526245167	-552.87341491	0.0
764.81439214	-552.194398798	0.0
765.142578176	-551.549867552	0.0
765.677856496	-550.754640497	0.0
766.105651907	-550.170045771	0.0
766.5250855	-549.574037468	0.0
766.949707082	-548.979371942	0.0
767.367126515	-548.399476921	0.0
767.778198293	-547.829286491	0.0
768.239135792	-547.174135127	0.0
768.723815968	-546.569826042	0.0
769.075195364	-546.122194207	0.0
769.480712942	-545.597780147	0.0
769.885620167	-545.074037472	0.0
770.276428274	-544.574708858	0.0
770.662780812	-544.081483755	0.0
771.040649464	-543.5862445	0.0
771.576232961	-542.949281612	0.0
771.97857671	-542.453065793	0.0
772.371276907	-541.971437371	0.0
772.998718312	-541.204835809	0.0
773.365356495	-540.756410518	0.0
773.735229542	-540.304628292	0.0
774.253662161	-539.670167839	0.0
774.878112844	-538.906129755	0.0
775.367004445	-538.308839717	0.0
775.859252981	-537.700258173	0.0
776.369262745	-537.089296257	0.0
776.857543996	-536.491945183	0.0
777.206970265	-536.080507196	0.0
777.563171436	-535.657777708	0.0
777.903991749	-535.251344601	0.0
778.23968511	-534.848146357	0.0
778.575500538	-534.46209899	0.0
778.903625538	-534.077821645	0.0
779.273010305	-533.647523796	0.0
779.688232473	-533.164247428	0.0
780.110107472	-532.673402705	0.0
780.521850637	-532.189882196	0.0
781.022583059	-531.609010616	0.0
781.518371634	-531.027223506	0.0
781.951477101	-530.523256216	0.0
782.287414602	-530.131837764	0.0
782.616882374	-529.747743526	0.0
783.041320852	-529.251649774	0.0
783.368225148	-528.86761657	0.0
783.830810598	-528.328615109	0.0
784.320251515	-527.769044795	0.0
784.683532766	-527.351930535	0.0
785.032959036	-526.943849484	0.0
785.485229542	-526.407228387	0.0
785.822143606	-526.013917841	0.0
786.164184622	-525.628419794	0.0
786.603759816	-525.11914245	0.0
787.165527395	-524.456788934	0.0
787.526672414	-524.029481805	0.0
788.042907766	-523.428102411	0.0
788.612060598	-522.764894404	0.0
788.986389211	-522.327455438	0.0
789.437072804	-521.80182067	0.0
789.880371144	-521.284791866	0.0
790.322570852	-520.769105832	0.0
790.754943898	-520.263856806	0.0
791.180297903	-519.767518915	0.0
791.457946828	-519.287050166	0.0
791.866577198	-518.966859736	0.0
792.267334034	-518.498903191	0.0
792.656860402	-518.041688838	0.0
793.039978078	-517.594911493	0.0
793.379882864	-517.198305043	0.0
793.851501516	-516.650026239	0.0
794.243469289	-516.187379756	0.0
794.647522023	-515.724611201	0.0
795.028503469	-515.258607785	0.0
795.421325733	-514.791749871	0.0
795.930358939	-514.185853879	0.0
796.389709523	-513.638917839	0.0
796.716003468	-513.250734249	0.0
797.185058644	-512.689332882	0.0
797.510070852	-512.301698604	0.0
797.90222173	-511.834077755	0.0
798.310668997	-511.345399775	0.0
798.803955129	-510.754640498	0.0
799.168212941	-510.319368278	0.0
799.533874563	-509.882936398	0.0
800.112487844	-509.189943228	0.0
800.550476125	-508.66629211	0.0
800.976806691	-508.157472525	0.0
801.335144094	-507.729341426	0.0
801.678710988	-507.318727409	0.0
802.229614309	-506.660921015	0.0
802.760314992	-506.026948848	0.0
803.406433156	-505.255189814	0.0
803.908386281	-504.656465447	0.0
804.274719289	-504.218904418	0.0
804.637756397	-503.784974969	0.0
805.106750539	-503.225679316	0.0
805.458374074	-502.805940547	0.0
805.948547413	-502.220460809	0.0
806.316650442	-501.781099239	0.0
806.813171436	-501.188478389	0.0
807.174316456	-500.757081906	0.0
807.528198293	-500.335023797	0.0
807.89617925	-499.896272575	0.0
808.412048391	-499.279725946	0.0
808.870117239	-498.73315612	0.0
809.257751516	-498.270814813	0.0
809.631958059	-497.823488152	0.0
810.119201712	-497.241975702	0.0
810.611511281	-496.654848015	0.0
811.118469288	-496.049043573	0.0
811.507019095	-495.582826531	0.0
811.897155812	-495.116487422	0.0
812.400451711	-494.515230096	0.0
812.769348195	-494.074769893	0.0
813.132995656	-493.639650263	0.0
813.499755909	-493.198884882	0.0
813.935180714	-492.678041378	0.0
814.326904348	-492.210542596	0.0
814.816650441	-491.625459588	0.0
815.201416067	-491.164857784	0.0
815.741638234	-490.519929803	0.0
816.133300831	-490.052278439	0.0
816.458435109	-489.662660516	0.0
816.898254445	-489.138276974	0.0
817.223754933	-488.75018493	0.0
817.619079641	-488.27740661	0.0
817.963928274	-487.864869989	0.0
818.392395071	-487.35315124	0.0
818.895568898	-486.752138054	0.0
819.178833059	-486.071016229	0.0
819.749450735	-485.732881463	0.0
820.164123585	-485.236879266	0.0
820.572143605	-484.748903194	0.0
820.994567921	-484.245851436	0.0
821.428955129	-483.725709832	0.0
822.03881841	-482.996217643	0.0
822.499755911	-482.444948114	0.0
823.113830616	-481.709291378	0.0
823.558960013	-481.176820673	0.0
824.00769048	-480.639528192	0.0
824.447387747	-480.11285583	0.0
824.87475591	-479.601472772	0.0
825.309021047	-479.082338251	0.0
825.763183644	-478.538423453	0.0
826.233154347	-477.975892937	0.0
826.572204641	-477.57049743	0.0
826.911865284	-477.164216914	0.0
827.420715382	-476.555452267	0.0
827.756408742	-476.153993522	0.0
828.081970266	-475.764589229	0.0
828.579834036	-475.168855589	0.0
828.905212453	-474.779573355	0.0
829.226745656	-474.394899287	0.0
829.547607472	-474.011140744	0.0
830.02142339	-473.444185174	0.0
830.498352101	-472.873689569	0.0
830.905517629	-472.38662902	0.0
831.234436087	-471.993043819	0.0
831.752258351	-471.373567498	0.0
832.096008352	-470.962312618	0.0
832.441467337	-470.548402704	0.0
832.785461476	-470.136598502	0.0
833.461608938	-469.327485955	0.0
833.974975638	-468.718477166	0.0
834.317749075	-468.307680049	0.0
834.846252493	-467.674684445	0.0
835.190734913	-467.260194693	0.0
835.695800832	-466.661012568	0.0
836.021545462	-466.272340692	0.0
836.352111868	-465.876832881	0.0
836.675293019	-465.48129455	0.0
837.325561573	-464.734285272	0.0
837.796447805	-464.18667785	0.0
838.135314992	-463.791841426	0.0
838.464477591	-463.409669793	0.0
838.793579152	-463.028718867	0.0
839.124450734	-462.644258417	0.0
839.613708546	-462.074861441	0.0
839.943237356	-461.692445674	0.0
840.368225147	-461.200563349	0.0
840.770935109	-460.733735959	0.0
841.418945362	-459.980714718	0.0
841.825988821	-459.509157101	0.0
842.214050345	-459.059633174	0.0
842.818908742	-458.358003536	0.0
843.188537648	-457.929170524	0.0
843.639038136	-457.407289422	0.0
844.204589895	-456.751436152	0.0
844.625061085	-456.26376525	0.0
845.166626028	-455.636201776	0.0
845.575195363	-455.162691033	0.0
845.988464406	-454.683473506	0.0
846.538879445	-454.045747675	0.0
846.953674366	-453.56497375	0.0
847.376220754	-453.075319208	0.0
847.803222706	-452.580415642	0.0
848.230346731	-452.085481561	0.0
848.640075735	-451.610536493	0.0
849.040649464	-451.146364129	0.0
849.446411185	-450.676271355	0.0
849.866272023	-450.189515984	0.0
850.29107671	-449.697359003	0.0
850.729248098	-449.189790644	0.0
851.178405812	-448.66903869	0.0
851.810485891	-447.937044059	0.0
852.286499075	-447.394288936	0.0
852.748596243	-446.838319697	0.0
853.206481984	-446.298524774	0.0
853.594970753	-445.84015075	0.0
853.959533742	-445.409791867	0.0
854.556152394	-444.705232541	0.0
855.021118216	-444.155580441	0.0
855.397766164	-443.710847773	0.0
855.838195851	-443.184999385	0.0
856.268981984	-442.674806511	0.0
856.682678273	-442.18643371	0.0
857.113891652	-441.677614126	0.0
857.533813527	-441.160524283	0.0
858.098571828	-440.492036739	0.0
858.517944386	-440.002199093	0.0
859.035156302	-439.373414909	0.0
859.438842825	-438.894441521	0.0
859.819763235	-438.444246212	0.0
860.183532765	-438.019349971	0.0
860.56060796	-437.561159051	0.0
861.078735401	-436.949220577	0.0
861.474426321	-436.485567012	0.0
861.868042043	-436.019014275	0.0
862.257568411	-435.556886592	0.0
862.763793997	-434.95651428	0.0
863.297973683	-434.324525751	0.0
863.7148438	-433.830598751	0.0
864.298461964	-433.138063348	0.0
864.724426321	-432.632539668	0.0
865.154968312	-432.121644888	0.0
865.572692921	-431.625917351	0.0
866.074096731	-431.030855095	0.0
866.524047901	-430.49685852	0.0
866.980529835	-429.95511047	0.0
867.575439503	-429.248689569	0.0
868.025024465	-428.714876088	0.0
868.475219778	-428.180421747	0.0
868.939941457	-427.628633419	0.0
869.412231496	-427.067689814	0.0
869.874145559	-426.519014277	0.0
870.479797415	-425.799684441	0.0
870.929870657	-425.26504699	0.0
871.369262747	-424.742952263	0.0
871.938354544	-424.066743769	0.0
872.363891653	-423.561220086	0.0
872.796203663	-423.047548215	0.0
873.245971731	-422.512941279	0.0
873.847839407	-421.79754821	0.0
874.298095753	-421.263612664	0.0
874.880371145	-420.571504508	0.0
875.308532765	-420.052827751	0.0
875.746643116	-419.530244743	0.0
876.367797903	-418.807771601	0.0
877.119323782	-417.892183221	0.0
877.647949269	-417.261629024	0.0
878.106994679	-416.745088497	0.0
878.810852101	-415.900514523	0.0
879.212585499	-415.41464416	0.0
879.647033743	-414.923402705	0.0
880.239440969	-414.23648254	0.0
880.689880422	-413.709871209	0.0
881.119751028	-413.206666865	0.0
881.541748097	-412.709443965	0.0
881.964599659	-412.215761102	0.0
882.607727101	-411.464754022	0.0
883.108886769	-410.880983268	0.0
883.82031255	-410.049867548	0.0
884.325683644	-409.459718622	0.0
884.728637746	-408.988923942	0.0
885.254272511	-408.374666131	0.0
885.641540579	-407.922273553	0.0
886.014343311	-407.486726679	0.0
886.383544974	-407.056428827	0.0
886.761901907	-406.614534293	0.0
887.229858448	-406.06775085	0.0
887.431945851	-405.596528924	0.0
887.968139699	-405.207002557	0.0
888.368835501	-404.73922912	0.0
888.705505422	-404.345979606	0.0
889.090210011	-403.897401728	0.0
889.477172903	-403.446351923	0.0
890.200866751	-402.601869497	0.0
890.537902882	-402.208894649	0.0
890.948913626	-401.729249872	0.0
891.349731497	-401.261293332	0.0
891.743530325	-400.80209533	0.0
892.154296925	-400.323457635	0.0
892.573303274	-399.83426086	0.0
892.998901417	-399.338167106	0.0
893.563049368	-398.690309443	0.0
893.951599172	-398.205446162	0.0
894.471496632	-397.562166132	0.0
894.856628469	-397.090669552	0.0
895.358215384	-396.472200312	0.0
895.733398488	-396.008943478	0.0
896.117919973	-395.534456174	0.0
896.501586966	-395.062318718	0.0
896.896301321	-394.575105583	0.0
897.29083257	-394.088533321	0.0
897.756164602	-393.511964716	0.0
898.066589405	-392.605440058	0.0
898.699340871	-392.391511836	0.0
899.067504934	-391.951967156	0.0
899.419189504	-391.531923211	0.0
899.776611379	-391.103670036	0.0
900.202453663	-390.597505488	0.0
900.571289114	-390.158967888	0.0
900.929138234	-389.733247675	0.0
901.290527394	-389.298982542	0.0
901.662963917	-388.8506488	0.0
902.038024953	-388.404878535	0.0
902.410400442	-387.96249572	0.0
902.853576711	-387.435335077	0.0
903.239868214	-386.971864618	0.0
903.640014698	-386.494935906	0.0
904.034606984	-386.025178825	0.0
904.438598683	-385.545259392	0.0
904.851440479	-385.054017939	0.0
905.256103565	-384.572023313	0.0
905.796142628	-383.928651727	0.0
906.198913624	-383.449067985	0.0
906.607543995	-382.962861936	0.0
906.952148487	-382.552431023	0.0
907.287048389	-382.153322139	0.0
907.689025929	-381.674623406	0.0
908.086486868	-381.200899042	0.0
908.530151418	-380.672304071	0.0
909.029724173	-380.07653991	0.0
909.407714895	-379.626222528	0.0
909.801818897	-379.15670959	0.0
910.350524954	-378.502992547	0.0
910.759216359	-378.015352164	0.0
911.032775931	-377.529878537	0.0
911.44268804	-377.200685418	0.0
911.842590383	-376.724367059	0.0
912.248291065	-376.240907585	0.0
912.784851124	-375.601533808	0.0
913.172241262	-375.140138545	0.0
913.685546926	-374.528261106	0.0
914.203186085	-373.911592404	0.0
914.73187261	-373.281984246	0.0
915.119018606	-372.820436393	0.0
915.507507375	-372.357942501	0.0
915.894653371	-371.896943962	0.0
916.287658741	-371.428560175	0.0
916.616333058	-371.036958613	0.0
916.996154835	-370.581422726	0.0
917.384033255	-370.134187616	0.0
917.782165578	-369.684572139	0.0
918.438720755	-368.929750359	0.0
918.952697804	-368.341005241	0.0
919.347290089	-367.889619744	0.0
919.751220754	-367.427614132	0.0
920.146850637	-366.97473327	0.0
920.538879445	-366.525789175	0.0
920.937500051	-366.069826045	0.0
921.339416555	-365.610292355	0.0
921.738769582	-365.15280334	0.0
922.243042042	-364.575288693	0.0
922.625305227	-364.138215938	0.0
923.009033254	-363.698823844	0.0
923.40045171	-363.250459592	0.0
923.795227101	-362.798280634	0.0
924.17755132	-362.36044494	0.0
924.558044484	-361.924501339	0.0
924.932189993	-361.49612609	0.0
925.314514211	-361.05816833	0.0
925.70336919	-360.612733763	0.0
926.219116262	-360.021547236	0.0
926.60156255	-359.583467401	0.0
927.101684622	-359.010621942	0.0
927.486938528	-358.568422235	0.0
927.881713919	-358.115602411	0.0
928.523681692	-357.380128779	0.0
928.903259329	-356.94488708	0.0
929.340087941	-356.443544305	0.0
929.716674856	-356.011903681	0.0
930.225036672	-355.428895867	0.0
930.614502003	-354.982332146	0.0
930.987243704	-354.555116569	0.0
931.359863331	-354.128816522	0.0
931.725158741	-353.709199824	0.0
932.198120168	-353.167940057	0.0
932.563842825	-352.749849235	0.0
932.93286138	-352.328737178	0.0
933.301696829	-351.906709591	0.0
933.661071828	-351.494935906	0.0
934.010681203	-351.096315301	0.0
934.356140186	-350.702333369	0.0
934.699218802	-350.310945428	0.0
935.031738331	-349.929963985	0.0
935.476013235	-349.419313347	0.0
935.833129935	-349.012666622	0.0
936.183898978	-348.59707824	0.0
936.574707081	-348.220552364	0.0
936.994934132	-347.844118032	0.0
937.413757375	-347.437288202	0.0
937.830261281	-347.031892694	0.0
938.231567433	-346.676118766	0.0
938.649108938	-346.370119016	0.0
939.108215383	-346.117738638	0.0
939.608215382	-345.885835563	0.0
940.383483938	-345.671632688	0.0
940.905212453	-345.536653435	0.0
941.538757374	-345.341249384	0.0
942.28857427	-345.098787224	0.0
943.067260794	-344.857789909	0.0
944.066345266	-344.597902218	0.0
944.628601125	-344.513338004	0.0
945.267395069	-344.458711542	0.0
946.11944585	-344.345643917	0.0
946.743225148	-344.283449091	0.0
947.369323782	-344.261781609	0.0
948.190856985	-344.34082214	0.0
948.758178761	-344.480256953	0.0
949.62677007	-344.845277704	0.0
950.101745656	-345.161073604	0.0
950.579101614	-345.481264032	0.0
951.141601614	-345.830629269	0.0
951.684082083	-346.171907338	0.0
952.189148	-346.51773254	0.0
952.745727589	-346.988832392	0.0
953.335510305	-347.452516476	0.0
953.783874562	-347.805208123	0.0
954.525512746	-348.39096252	0.0
954.986389211	-348.756196893	0.0
955.471191457	-349.143800653	0.0
955.809936575	-349.553682247	0.0
956.532348683	-349.987306512	0.0
957.089904836	-350.427034295	0.0
957.640075734	-350.863435663	0.0
958.178344777	-351.293153681	0.0
958.722717336	-351.72702209	0.0
959.297058156	-352.181123653	0.0
959.875793508	-352.640077511	0.0
960.267761281	-352.951570431	0.0
961.03350835	-353.549379264	0.0
961.584289601	-354.003053584	0.0
962.111877491	-354.518281855	0.0
962.836181692	-355.181581412	0.0
963.305297902	-355.611207882	0.0
963.914306691	-356.171510613	0.0
964.458801321	-356.674257196	0.0
965.097473194	-357.264039912	0.0
965.553894095	-357.688722528	0.0
965.931274464	-358.036073603	0.0
966.401489309	-358.469331661	0.0
966.778747609	-358.817323606	0.0
967.149841358	-359.160982052	0.0
967.700317433	-359.672670281	0.0
968.283935597	-360.211366572	0.0
968.682983449	-360.579652704	0.0
969.230102591	-361.08459655	0.0
969.799926808	-361.61386291	0.0
970.198059132	-361.989259635	0.0
970.606384327	-362.347963247	0.0
971.024353077	-362.668123162	0.0
971.465210012	-363.010957637	0.0
971.90576177	-363.359682002	0.0
972.59490972	-363.904176631	0.0
973.318908743	-364.474367059	0.0
974.043579152	-365.044008173	0.0
974.535400442	-365.430330195	0.0
975.651672414	-366.306764518	0.0
976.134460501	-366.685975946	0.0
976.612976124	-367.063356313	0.0
977.112182668	-367.455598748	0.0
977.593017628	-367.8339862	0.0
978.309814503	-368.395204461	0.0
978.795166067	-368.777803338	0.0
979.780273488	-369.551851192	0.0
980.272522023	-369.936860957	0.0
980.743835501	-370.307954709	0.0
981.23663335	-370.695161736	0.0
981.712890677	-371.069337762	0.0
982.427856496	-371.630708612	0.0
983.138427785	-372.190004265	0.0
983.596984914	-372.55023376	0.0
984.062255909	-372.915223991	0.0
984.519653371	-373.273988645	0.0
984.97454839	-373.631410516	0.0
985.422668507	-373.983400266	0.0
986.094482473	-374.510927118	0.0
986.751037649	-375.026521598	0.0
987.186401418	-375.387330927	0.0
987.833496145	-375.912843623	0.0
988.263732961	-376.261415398	0.0
988.684936574	-376.602113642	0.0
989.096740773	-376.935243526	0.0
989.310424856	-377.449983512	0.0
989.941894583	-377.622438347	0.0
990.390808157	-377.987489618	0.0
990.857666066	-378.365541377	0.0
991.316894582	-378.739107048	0.0
991.782043509	-379.117708125	0.0
992.47253423	-379.678865352	0.0
993.14251714	-380.224794305	0.0
993.706176809	-380.684572139	0.0
994.254272513	-381.130281366	0.0
994.915649465	-381.668886104	0.0
995.480346731	-382.129060666	0.0
995.924072316	-382.480256953	0.0
996.369323781	-382.861390985	0.0
996.815185598	-383.260621944	0.0
997.258667044	-383.648286738	0.0
997.716125538	-384.045473019	0.0
998.163940479	-384.435090937	0.0
998.819702199	-385.006746208	0.0
999.256835988	-385.387239375	0.0
999.695861868	-385.770753774	0.0
1000.35137944	-386.342317498	0.0
1001.25097661	-387.125337518	0.0
1001.70556646	-387.521821894	0.0
1002.41088872	-388.136262811	0.0
1002.87805181	-388.542848505	0.0
1003.517273	-389.100496209	0.0
1003.93505865	-389.464174188	0.0
1004.3789063	-389.850831903	0.0
1005.03955083	-390.426637569	0.0
1005.70843511	-391.009797971	0.0
1006.28826909	-391.514589226	0.0
1007.09045415	-392.21377746	0.0
1007.79516607	-392.827882686	0.0
1008.27008062	-393.241884148	0.0
1008.73022466	-393.642946163	0.0
1009.18884282	-394.042695916	0.0
1009.66162114	-394.456239621	0.0
1010.10717779	-394.844636834	0.0
1010.77764898	-395.429140009	0.0
1011.3486939	-395.927949823	0.0
1012.02362066	-396.517213739	0.0
1012.58886724	-397.008973992	0.0
1013.19537359	-397.538026728	0.0
1013.91278081	-398.163698114	0.0
1014.388794	-398.578432002	0.0
1014.86108404	-398.989412227	0.0
1015.55969243	-399.598543081	0.0
1016.02185064	-400.001375118	0.0
1016.69897466	-400.591768183	0.0
1017.3778687	-401.18325988	0.0
1017.84600835	-401.591127312	0.0
1018.32519536	-402.008821405	0.0
1018.79443365	-402.417787471	0.0
1019.27655034	-402.837953486	0.0
1019.76226812	-403.260896602	0.0
1020.22802739	-403.666963497	0.0
1020.70263677	-404.080690302	0.0
1021.16937261	-404.487611687	0.0
1021.4000855	-405.089448846	0.0
1022.08892827	-405.289491572	0.0
1022.54602056	-405.688203729	0.0
1022.99798589	-406.08212463	0.0
1023.45837408	-406.484132686	0.0
1023.90429693	-406.873323359	0.0
1024.35290532	-407.264558711	0.0
1024.81347661	-407.666231073	0.0
1025.26586919	-408.059938347	0.0
1025.72900396	-408.452821648	0.0
1026.17089849	-408.866151724	0.0
1026.58569341	-409.250459586	0.0
1027.020752	-409.649354854	0.0
1027.64685064	-410.223054803	0.0
1028.17919927	-410.711427608	0.0
1028.6848145	-411.17593566	0.0
1029.09777837	-411.55563537	0.0
1029.71923833	-412.126588738	0.0
1030.55053716	-412.890840448	0.0
1031.08703618	-413.383790888	0.0
1031.70861821	-413.955476679	0.0
1032.11352544	-414.32803527	0.0
1032.5252686	-414.706941525	0.0
1032.92956548	-415.079103387	0.0
1033.53198247	-415.633363641	0.0
1034.13183599	-416.185396111	0.0
1034.73889165	-416.744264519	0.0
1035.34338384	-417.300844112	0.0
1035.75158696	-417.677034295	0.0
1036.16687017	-418.049745481	0.0
1036.55236821	-418.40649597	0.0
1036.93188482	-418.785829463	0.0
1037.442627	-419.382356561	0.0
1037.99072271	-420.026796258	0.0
1038.8554688	-421.028657835	0.0
1039.27001958	-421.514223019	0.0
1039.70861821	-422.017366327	0.0
1040.24755864	-422.676698602	0.0
1040.59301763	-423.20822326	0.0
1040.96447759	-423.737825309	0.0
1041.466919	-424.447481072	0.0
1041.82556157	-424.961305537	0.0
1042.19445806	-425.490236198	0.0
1042.59057622	-426.05764953	0.0
1042.93542485	-426.552064816	0.0
1043.37097173	-427.184511104	0.0
1043.73901372	-427.710786738	0.0
1044.14172368	-428.212526239	0.0
1044.46142583	-428.624635616	0.0
1044.94836431	-429.26129333	0.0
1045.26843267	-429.678254997	0.0
1045.74902349	-430.311128535	0.0
1046.06005864	-430.715303338	0.0
1046.39941411	-431.120057976	0.0
1046.7493897	-431.490327754	0.0
1047.28906255	-432.070131221	0.0
1047.65002446	-432.466310417	0.0
1048.00622564	-432.866060175	0.0
1048.35192876	-433.238161003	0.0
1048.73620611	-433.601777947	0.0
1049.10070806	-433.963197627	0.0
1049.45422368	-434.321626583	0.0
1049.81005864	-434.688722527	0.0
1050.52880864	-435.35476867	0.0
1051.08642583	-435.873842159	0.0
1051.63317876	-436.385560904	0.0
1052.35131841	-437.038606563	0.0
1052.89038091	-437.523652948	0.0
1053.4134522	-437.996156612	0.0
1054.03869634	-438.558656611	0.0
1054.473877	-438.950288691	0.0
1055.3040772	-439.697603142	0.0
1056.02478032	-440.34597961	0.0
1056.46984868	-440.743532098	0.0
1056.93518071	-441.148897089	0.0
1057.39392095	-441.553895869	0.0
1057.84545903	-441.952211297	0.0
1058.38977056	-442.431734001	0.0
1058.92932134	-442.906221311	0.0
1059.47351079	-443.385164178	0.0
1060.03027349	-443.875581658	0.0
1060.92724615	-444.649568475	0.0
1061.46704107	-445.097597037	0.0
1062.17309575	-445.691591178	0.0
1062.64465337	-446.086305538	0.0
1063.12084966	-446.48483459	0.0
1063.65307622	-446.929933465	0.0
1064.37976079	-447.537813104	0.0
1064.93627935	-448.00369445	0.0
1065.49975591	-448.47549621	0.0
1066.05297857	-448.938417352	0.0
1066.51525884	-449.325960077	0.0
1067.07250982	-449.78372375	0.0
1067.33349614	-450.453431998	0.0
1068.04492193	-450.704500116	0.0
1068.50805669	-451.131959833	0.0
1069.23266607	-451.803804319	0.0
1069.77514653	-452.305177609	0.0
1070.31152349	-452.815858758	0.0
1070.95971685	-453.531099237	0.0
1071.53234868	-454.337587272	0.0
1071.88305669	-454.988496696	0.0
1072.17480474	-455.672243038	0.0
1072.37463384	-456.132905879	0.0
1072.5808106	-456.604341425	0.0
1072.88061529	-457.274415886	0.0
1073.14648443	-457.942567741	0.0
1073.36718755	-458.631654656	0.0
1073.52026372	-459.336427607	0.0
1073.59545904	-460.067903439	0.0
1073.66821294	-460.798097526	0.0
1073.71887212	-461.29785339	0.0
1073.80419927	-462.175142208	0.0
1073.83337407	-463.01318542	0.0
1073.7839356	-463.730897821	0.0
1073.7316895	-464.468416134	0.0
1073.60607915	-465.087709345	0.0
1073.529419	-465.829957878	0.0
1073.44482427	-466.428346554	0.0
1073.35046392	-466.921846307	0.0
1073.11572271	-467.74261657	0.0
1072.82739263	-468.423524775	0.0
1072.48974614	-469.119844357	0.0
1072.25903325	-469.586793817	0.0
1071.9146729	-470.316224969	0.0
1071.56140142	-471.00827209	0.0
1071.29968267	-471.452791133	0.0
1071.01733403	-471.889284049	0.0
1070.37976079	-472.66424743	0.0
1069.86840825	-473.247957148	0.0
1069.51611333	-473.657869257	0.0
1068.98913579	-474.263368526	0.0
1068.48022466	-474.846528924	0.0
1068.13854986	-475.238954463	0.0
1067.8040772	-475.622163689	0.0
1067.47155767	-476.001253047	0.0
1067.13989263	-476.379182735	0.0
1066.66845708	-476.919130243	0.0
1066.18896489	-477.467012322	0.0
1065.84289556	-477.864381706	0.0
1065.50280767	-478.25320617	0.0
1065.15905767	-478.647157586	0.0
1064.82666021	-479.026887812	0.0
1064.30334478	-479.624788204	0.0
1063.95556646	-480.024202267	0.0
1063.59143072	-480.44168273	0.0
1062.97229009	-481.150270382	0.0
1062.36291509	-481.846284782	0.0
1061.93164068	-482.34369079	0.0
1061.58764653	-482.738344112	0.0
1061.24914556	-483.125245966	0.0
1060.90551763	-483.517885123	0.0
1060.56750493	-483.904481806	0.0
1060.39990239	-484.483339229	0.0
1059.73535161	-484.85855285	0.0
1059.08007818	-485.604219356	0.0
1058.58190923	-486.175569452	0.0
1058.08923345	-486.73764221	0.0
1057.43579107	-487.479005732	0.0
1056.78674321	-488.223787224	0.0
1056.29333501	-488.789644161	0.0
1055.79443364	-489.343751825	0.0
1055.33276372	-489.92282287	0.0
1055.01318364	-490.310335076	0.0
1054.38903814	-491.059083859	0.0
1053.92895513	-491.608644403	0.0
1053.48657232	-492.153535762	0.0
1052.87487798	-492.876405635	0.0
1052.41308599	-493.432466425	0.0
1051.94982915	-493.990632928	0.0
1051.48022466	-494.563508905	0.0
1051.14648443	-494.947999873	0.0
1050.68652349	-495.505159294	0.0
1050.29101568	-495.941682734	0.0
1049.83166509	-496.473268429	0.0
1049.46374517	-496.898866574	0.0
1048.86291509	-497.586275016	0.0
1048.41955571	-498.094972526	0.0
1047.904419	-498.689058221	0.0
1047.52844243	-499.122224725	0.0
1047.02416997	-499.703645625	0.0
1046.43383794	-500.384370722	0.0
1045.99243169	-500.892885127	0.0
1045.56103521	-501.38955871	0.0
1045.12902837	-501.888032828	0.0
1044.56774907	-502.533174432	0.0
1044.14562993	-503.019166864	0.0
1043.72570806	-503.502992548	0.0
1043.29895025	-503.992158806	0.0
1042.88244634	-504.470704948	0.0
1042.44067388	-504.979341427	0.0
1041.81176763	-505.701906122	0.0
1041.2761231	-506.315858759	0.0
1040.73449712	-506.937684931	0.0
1040.15393071	-507.604036251	0.0
1039.63256841	-508.213472284	0.0
1039.28540044	-508.631013788	0.0
1038.85864263	-509.133851924	0.0
1038.44689946	-509.622194207	0.0
1037.89709478	-510.276826772	0.0
1037.48120122	-510.771486201	0.0
1037.06335454	-511.26825134	0.0
1036.64672857	-511.764436642	0.0
1036.30004888	-512.177431026	0.0
1035.72473149	-512.861390986	0.0
1035.27844243	-513.39294616	0.0
1034.93908696	-513.796998893	0.0
1034.35583501	-514.491517937	0.0
1033.73095708	-515.236146844	0.0
1032.94372564	-516.173280633	0.0
1032.31579595	-516.921937859	0.0
1032.00610357	-517.680299677	0.0
1031.52575689	-517.862306513	0.0
1031.36816411	-518.43243591	0.0
1030.8924561	-518.617250361	0.0
1030.42712407	-519.17126647	0.0
1029.79565435	-519.923952019	0.0
1029.16430669	-520.675905146	0.0
1028.83850103	-521.064027708	0.0
1028.36621099	-521.626710806	0.0
1027.73449712	-522.379030146	0.0
1027.32849126	-522.863405141	0.0
1026.93396001	-523.333070674	0.0
1026.13061528	-524.290346063	0.0
1025.48901372	-525.054017937	0.0
1025.32446294	-525.536195668	0.0
1024.60498052	-526.107606809	0.0
1024.27648931	-526.498659051	0.0
1023.7872315	-527.081727901	0.0
1023.4558106	-527.477052608	0.0
1023.13391118	-527.860353388	0.0
1022.4950562	-528.621095575	0.0
1021.85430913	-529.384645381	0.0
1021.52606206	-529.775514522	0.0
1020.89807134	-530.523439323	0.0
1020.42742925	-531.08374206	0.0
1019.95404058	-531.647767938	0.0
1019.31500249	-532.408754269	0.0
1018.99017339	-532.79577819	0.0
1018.66766363	-533.179933468	0.0
1018.33142095	-533.580446162	0.0
1017.58221441	-534.472413933	0.0
1017.2405396	-534.879518428	0.0
1016.5809937	-535.665346064	0.0
1016.0841065	-536.25647155	0.0
1015.75018316	-536.653688348	0.0
1015.404419	-537.065614619	0.0
1015.07415776	-537.4589862	0.0
1014.73968511	-537.857362668	0.0
1014.40380865	-538.256776729	0.0
1013.88421636	-538.875368035	0.0
1013.53094487	-539.295778192	0.0
1013.17089849	-539.72448913	0.0
1012.72167974	-540.259523311	0.0
1012.27642827	-540.78961364	0.0
1011.73327642	-541.436159052	0.0
1011.16638189	-542.111329948	0.0
1010.68853765	-542.680116571	0.0
1010.08435064	-543.399537958	0.0
1009.65722661	-543.90808288	0.0
1008.78753667	-544.943910519	0.0
1008.13287359	-545.723756706	0.0
1007.27288823	-546.747255244	0.0
1006.8433228	-547.258424675	0.0
1006.62933355	-547.775697623	0.0
1005.96557622	-548.300661004	0.0
1005.31652837	-549.072572624	0.0
1004.89416509	-549.575441281	0.0
1004.27062993	-550.316835321	0.0
1003.83953862	-550.830018914	0.0
1003.41766362	-551.333925165	0.0
1002.98840337	-551.847474972	0.0
1002.34301763	-552.616884149	0.0
1001.91308599	-553.128480829	0.0
1001.48229985	-553.643373405	0.0
1001.05810552	-554.148805536	0.0
1000.63214116	-554.656434928	0.0
1000.21582036	-555.152223506	0.0
999.79675298	-555.659913936	0.0
999.381103566	-556.155519402	0.0
998.728759815	-556.931947625	0.0
998.301269582	-557.447206415	0.0
998.192077688	-557.980409542	0.0
997.646789601	-558.228212275	0.0
997.32006841	-558.617067256	0.0
996.68524175	-559.377687374	0.0
996.248413136	-559.893922726	0.0
995.823852591	-560.400209344	0.0
995.175048879	-561.175172723	0.0
994.52899175	-561.946229852	0.0
994.119934133	-562.434266964	0.0
993.689392141	-562.948121943	0.0
993.272644094	-563.445497431	0.0
992.852356007	-563.946962272	0.0
992.215820364	-564.706666865	0.0
991.582946828	-565.461976921	0.0
990.949951223	-566.217592158	0.0
990.331115773	-566.956239617	0.0
989.714172414	-567.692811884	0.0
989.306091358	-568.179811393	0.0
988.675170949	-568.933046259	0.0
988.260803274	-569.427736198	0.0
987.838745168	-569.931276243	0.0
987.312377981	-570.562135616	0.0
986.843566946	-571.134096062	0.0
986.431762745	-571.62603942	0.0
985.994628958	-572.131471551	0.0
985.39654546	-572.860902704	0.0
984.995117238	-573.346315303	0.0
984.602539113	-573.805055536	0.0
984.182373097	-574.290101922	0.0
983.795043996	-574.757265006	0.0
983.398193411	-575.232362662	0.0
982.809814504	-575.922731316	0.0
982.405273489	-576.403016962	0.0
981.990478566	-576.897951047	0.0
981.579284718	-577.38818542	0.0
981.17364507	-577.871705931	0.0
980.765441944	-578.357606804	0.0
980.368286184	-578.830629265	0.0
979.957946827	-579.319520867	0.0
979.543029836	-579.813661493	0.0
979.130371145	-580.304811395	0.0
978.711181692	-580.804384151	0.0
977.985290577	-581.669130245	0.0
977.478027394	-582.272462763	0.0
976.86694341	-583.000612176	0.0
976.147094777	-583.857728875	0.0
975.627563527	-584.473817744	0.0
974.916992238	-585.325136103	0.0
974.297546437	-586.061403192	0.0
973.902160694	-586.530641471	0.0
973.280822805	-587.275941766	0.0
972.867126515	-587.768739621	0.0
972.446472219	-588.269716179	0.0
971.842102102	-588.99060241	0.0
971.246765187	-589.699891964	0.0
970.837890676	-590.186403192	0.0
970.434204153	-590.668580931	0.0
970.025512745	-591.15710632	0.0
969.621032765	-591.639284052	0.0
969.213745167	-592.124452511	0.0
968.828430227	-592.583253775	0.0
968.42541509	-593.064638057	0.0
968.02520757	-593.541688836	0.0
967.621276907	-594.022706899	0.0
967.220336966	-594.500245966	0.0
966.621643117	-595.213258661	0.0
966.227539114	-595.682374874	0.0
965.638793997	-596.383424675	0.0
965.242797902	-596.855226436	0.0
964.84741216	-597.325685419	0.0
964.439575247	-597.811098018	0.0
964.022338918	-598.308168332	0.0
963.426269581	-599.018129266	0.0
962.423217825	-600.213563836	0.0
962.014526417	-600.700685417	0.0
961.599426321	-601.195070183	0.0
960.992187552	-601.919191278	0.0
960.311706594	-602.731569209	0.0
959.904480031	-603.216920771	0.0
959.49194341	-603.708497919	0.0
959.080932667	-604.199403679	0.0
958.675659231	-604.682374874	0.0
958.275207569	-605.159486687	0.0
957.870605519	-605.641664424	0.0
957.466552786	-606.12341491	0.0
957.068786672	-606.601869502	0.0
956.662292531	-607.095521843	0.0
956.299438527	-607.531557001	0.0
955.951843311	-607.948182981	0.0
955.620971731	-608.344118036	0.0
955.255493216	-608.782228388	0.0
954.893310597	-609.21618835	0.0
954.541931203	-609.648378292	0.0
954.183532765	-610.057313838	0.0
953.768615774	-610.534486689	0.0
953.149353077	-611.243776237	0.0
952.362243703	-612.156190791	0.0
951.957885792	-612.624757684	0.0
951.558471731	-613.087465206	0.0
951.160705616	-613.548158566	0.0
950.557556203	-614.246766962	0.0
949.958923392	-614.940187375	0.0
949.454223684	-615.524843134	0.0
948.842346243	-616.23394958	0.0
948.443908742	-616.695619503	0.0
948.044616751	-617.158265986	0.0
947.648376517	-617.617494502	0.0
947.25531011	-618.072877801	0.0
946.86291509	-618.527589718	0.0
946.449829153	-619.006471554	0.0
946.042785695	-619.478212276	0.0
945.424560597	-620.194765009	0.0
945.020446829	-620.663087761	0.0
944.417541554	-621.36206237	0.0
943.828125051	-622.04541198	0.0
943.44152837	-622.493410032	0.0
942.863952688	-623.163026728	0.0
942.46636968	-623.623964229	0.0
942.063537648	-624.09082214	0.0
941.660766653	-624.558046259	0.0
941.256530813	-625.026674189	0.0
940.657897999	-625.720888053	0.0
940.267028859	-626.174196159	0.0
939.875671437	-626.628114621	0.0
939.4960938	-627.068117057	0.0
938.920410207	-627.735780633	0.0
938.331970265	-628.41833679	0.0
937.931640675	-628.882692252	0.0
937.534179738	-629.343690789	0.0
936.946411183	-630.025392452	0.0
936.56237798	-630.470888056	0.0
936.174987843	-630.920228875	0.0
935.796630909	-631.359315789	0.0
935.226257375	-632.020997922	0.0
934.470398001	-632.898012079	0.0
934.084472706	-633.345888058	0.0
933.49951177	-634.0247821	0.0
932.811096243	-634.823610222	0.0
932.355163624	-635.352723991	0.0
931.970459035	-635.799257196	0.0
931.495239308	-636.350831904	0.0
930.936218313	-636.999757685	0.0
930.399963429	-637.62207214	0.0
930.037780814	-638.042482292	0.0
929.473022511	-638.698121945	0.0
929.094116262	-639.13806335	0.0
928.717285207	-639.57544128	0.0
928.339294484	-640.014406121	0.0
927.975891164	-640.436281123	0.0
927.604858449	-640.867128288	0.0
927.225463919	-641.307619012	0.0
926.848083546	-641.745668326	0.0
926.32183843	-642.356996454	0.0
925.782043507	-642.983705436	0.0
925.405517629	-643.421022333	0.0
925.031616261	-643.855226432	0.0
924.660034231	-644.286806023	0.0
924.281555226	-644.726381216	0.0
923.525207571	-645.597352898	0.0
922.946350149	-646.260194697	0.0
922.569763235	-646.691591182	0.0
922.095825245	-647.231508173	0.0
921.543579151	-647.85943786	0.0
921.096496634	-648.370729365	0.0
920.465087942	-649.092103878	0.0
920.022827199	-649.598390498	0.0
919.650207571	-650.02881042	0.0
919.200439503	-650.548280635	0.0
918.668823292	-651.161439813	0.0
918.32006841	-651.562990106	0.0
917.972229054	-651.964601431	0.0
917.622924856	-652.369203484	0.0
917.285583548	-652.770143425	0.0
916.931335501	-653.159059442	0.0
916.57006841	-653.505067743	0.0
916.197509817	-653.845094597	0.0
915.487121633	-654.524660027	0.0
914.974243216	-655.012697139	0.0
914.482666065	-655.490358269	0.0
913.801696829	-656.072450557	0.0
913.047607474	-656.607667841	0.0
912.498718312	-657.022584832	0.0
911.935485891	-657.445436396	0.0
911.184265187	-658.002992549	0.0
910.596069386	-658.440309442	0.0
910.174865774	-658.753480827	0.0
909.747619678	-659.070741572	0.0
909.184570363	-659.488405145	0.0
908.523071339	-659.969301141	0.0
907.799621633	-660.548829953	0.0
907.191589406	-661.030031121	0.0
906.872192433	-661.498598018	0.0
906.294189505	-661.742433467	0.0
905.771911672	-662.223512566	0.0
905.176330618	-662.902040399	0.0
904.719482472	-663.411134638	0.0
904.251098684	-663.930177607	0.0
903.65399175	-664.600465693	0.0
903.054382374	-665.275209344	0.0
902.600647024	-665.771974482	0.0
902.153137257	-666.308351437	0.0
901.69543462	-666.845033561	0.0
901.089721731	-667.550172723	0.0
900.632263234	-668.084840693	0.0
900.165039113	-668.631715692	0.0
899.693847707	-669.181764521	0.0
899.314270071	-669.626466669	0.0
898.896240284	-670.116151731	0.0
898.738830616	-670.694826045	0.0
898.07836919	-671.07452575	0.0
897.612060598	-671.627199091	0.0
897.13812261	-672.174989616	0.0
896.64392095	-672.752260127	0.0
896.163085989	-673.320924678	0.0
895.670532278	-673.900026236	0.0
895.330017141	-674.292299188	0.0
895.000366262	-674.676393431	0.0
894.671447804	-675.060609736	0.0
894.197692923	-675.613893427	0.0
893.721801808	-676.169374386	0.0
893.572631886	-676.706117547	0.0
892.957092336	-677.040651238	0.0
892.454956105	-677.510255735	0.0
891.714904837	-678.044313347	0.0
891.110168508	-678.440919795	0.0
890.518859915	-678.840577997	0.0
889.923034718	-679.240053095	0.0
889.342773489	-679.636110227	0.0
888.639526418	-680.063905634	0.0
888.119079641	-680.325624384	0.0
887.57373052	-680.544313349	0.0
886.903808645	-680.8261737	0.0
886.343689016	-681.066713254	0.0
885.450439503	-681.447755732	0.0
884.992675832	-681.649110713	0.0
884.416992239	-681.867982781	0.0
883.540039114	-682.122316279	0.0
882.557312063	-682.26294128	0.0
881.559387258	-682.36395446	0.0
880.809631398	-682.446107783	0.0
880.06628423	-682.523439326	0.0
879.329406788	-682.597841179	0.0
878.362121633	-682.70392028	0.0
877.650390675	-682.738161007	0.0
876.942504934	-682.705995477	0.0
876.219848683	-682.620241083	0.0
875.58544927	-682.558107291	0.0
874.734802298	-682.48291198	0.0
874.014282277	-682.414857781	0.0
873.283874564	-682.3450946	0.0
872.69116216	-682.287904656	0.0
872.12036138	-682.234804067	0.0
871.322326712	-682.157289426	0.0
870.646118214	-682.099122919	0.0
870.112731985	-682.036439812	0.0
869.358459522	-681.881959835	0.0
868.715515188	-681.686647336	0.0
868.044555715	-681.50189391	0.0
867.54223638	-681.366273796	0.0
866.371643116	-681.041261588	0.0
865.764892629	-680.880067744	0.0
864.951232962	-680.616640009	0.0
864.347106985	-680.372865592	0.0
863.730163625	-680.148195184	0.0
863.125244191	-679.935731805	0.0
862.539856007	-679.697511591	0.0
861.963439993	-679.408082878	0.0
861.502746632	-679.124513545	0.0
860.715820364	-678.503175654	0.0
860.001892141	-677.953859245	0.0
859.556213429	-677.610475457	0.0
859.116027882	-677.267396845	0.0
858.676330617	-676.923585814	0.0
858.162719778	-676.529420775	0.0
857.634033254	-676.138185416	0.0
857.115600637	-675.745790402	0.0
856.417907767	-675.220460808	0.0
855.895141653	-674.827394402	0.0
855.351135304	-674.418702997	0.0
854.633728078	-673.87921325	0.0
854.10711675	-673.483217159	0.0
853.401550344	-672.953126822	0.0
852.886657766	-672.56585876	0.0
852.351501516	-672.163820184	0.0
851.807006887	-671.754518428	0.0
851.082092335	-671.209291375	0.0
850.551574758	-670.810670773	0.0
850.033447316	-670.421266473	0.0
849.339904836	-669.89990417	0.0
848.812561085	-669.503602901	0.0
848.263244681	-669.0907611	0.0
847.715271046	-668.678773799	0.0
847.165588429	-668.265626825	0.0
846.711608936	-667.924257197	0.0
846.027465871	-667.396791378	0.0
845.520996145	-666.984620966	0.0
845.00177007	-666.573732296	0.0
844.498413136	-666.173036497	0.0
843.99218755	-665.769044795	0.0
843.328125051	-665.238771358	0.0
842.668090872	-664.711793817	0.0
842.165405323	-664.310487664	0.0
841.663452199	-663.909852901	0.0
841.174194386	-663.519349969	0.0
840.729126027	-663.164064323	0.0
840.278442433	-662.804323117	0.0
839.656677297	-662.316408078	0.0
839.201843311	-661.926088252	0.0
838.742736867	-661.528871455	0.0
838.113281301	-660.997743526	0.0
837.648986866	-660.602907101	0.0
837.132385305	-660.162904656	0.0
836.687805226	-659.784425656	0.0
836.24798589	-659.409974971	0.0
835.822570852	-659.047853385	0.0
835.40386968	-658.691530149	0.0
834.986206106	-658.346254265	0.0
834.367309622	-657.693971549	0.0
833.9804688	-657.275697625	0.0
833.578613331	-656.854188836	0.0
833.062133839	-656.304445184	0.0
832.681640675	-655.897828972	0.0
832.307373097	-655.497743526	0.0
831.927490284	-655.101930538	0.0
831.588928273	-654.66412536	0.0
831.234680227	-654.211610714	0.0
830.860168507	-653.75274841	0.0
830.37640386	-653.152833854	0.0
829.926818897	-652.592103878	0.0
829.534484914	-652.10302917	0.0
829.073425343	-651.528383171	0.0
828.481689504	-650.790834344	0.0
827.936706593	-650.111635124	0.0
827.519592336	-649.57806579	0.0
827.073547414	-649.074586782	0.0
826.51312261	-648.424257199	0.0
825.966918995	-647.774965204	0.0
825.685180714	-647.210573115	0.0
825.014282278	-646.780763544	0.0
824.598266651	-646.408876335	0.0
824.075805714	-645.931032098	0.0
823.691223194	-645.607728876	0.0
823.067443899	-645.096193231	0.0
822.60345464	-644.707643426	0.0
822.135253957	-644.357240592	0.0
821.694274953	-644.004579464	0.0
821.252197316	-643.682008662	0.0
820.674987843	-643.251893916	0.0
820.272705128	-642.952882685	0.0
819.890380909	-642.580202018	0.0
819.430358937	-642.328676142	0.0
